,danceability,energy,key,loudness,mode,speechiness,acousticness,instrumentalness,liveness,valence,tempo,duration_ms
0,0.88,0.821,5,-2.545,0,0.118,0.0197,0.661,0.234,0.575,127.907,326888
1,0.742,0.882,7,-2.862,1,0.117,0.0466,0.0,0.206,0.463,102.04,221176
2,0.683,0.772,7,-7.907,0,0.0311,0.0222,0.0149,0.203,0.737,123.871,270373
3,0.675,0.891,11,-3.793,1,0.0855,0.0267,0.0,0.937,0.783,96.002,166875
4,0.704,0.634,11,-7.374,0,0.0428,0.393,3.17e-05,0.0952,0.411,113.927,271640
5,0.624,0.889,5,-3.772,0,0.0504,0.101,0.0,0.227,0.45,127.019,233688
6,0.604,0.788,0,-3.673,0,0.103,0.0678,0.153,0.127,0.301,126.06,245040
7,0.628,0.69,8,-5.83,1,0.0511,0.443,0.0,0.113,0.66,179.908,205907
8,0.751,0.783,4,-3.724,1,0.0859,0.00379,0.0,0.036,0.816,119.975,202613
9,0.649,0.815,3,-3.796,0,0.0415,0.00125,4.31e-05,0.671,0.765,126.03,230747
10,0.66,0.867,6,-4.285,0,0.116,0.11,0.0,0.0368,0.377,93.033,180480
11,0.654,0.684,2,-4.509,1,0.032,0.0108,0.0,0.0768,0.7,66.001,212280
12,0.554,0.878,3,-4.271,1,0.134,0.0216,5.76e-06,0.362,0.682,126.045,205933
13,0.421,0.873,10,-4.343,1,0.0564,0.0654,0.0,0.123,0.629,84.786,202533
14,0.706,0.751,9,-6.323,1,0.0708,0.173,0.0,0.168,0.195,91.031,182307
15,0.638,0.831,5,-3.944,1,0.182,0.0281,3.06e-06,0.277,0.685,175.038,223053
16,0.743,0.766,0,-6.375,1,0.0265,0.0873,0.0,0.509,0.61,127.96,289133
17,0.745,0.756,4,-4.749,1,0.0429,0.021,0.0,0.356,0.495,109.999,231467
18,0.694,0.712,7,-3.923,0,0.046,0.133,0.0,0.211,0.799,98.022,201122
19,0.688,0.702,7,-4.792,0,0.0499,0.0215,0.0,0.128,0.74,94.006,192191
20,0.715,0.655,0,-6.425,1,0.137,0.0525,0.0,0.115,0.531,95.078,207333
21,0.646,0.795,9,-3.293,1,0.0976,0.0319,0.0,0.267,0.796,89.99,210960
22,0.666,0.878,7,-2.85,0,0.0973,0.03,0.0,0.0828,0.669,119.932,222160
23,0.709,0.854,0,-4.447,0,0.0399,0.047,0.0,0.0724,0.826,105.074,224402
24,0.894,0.791,2,-4.699,1,0.112,0.0183,0.0,0.0388,0.583,105.018,250373
25,0.747,0.937,0,-5.746,1,0.0453,0.0208,0.0,0.29,0.739,103.976,224653
26,0.697,0.621,9,-6.886,0,0.25,0.0802,0.0,0.162,0.721,81.946,193296
27,0.918,0.609,10,-5.64,0,0.0791,0.0928,0.0,0.139,0.304,128.008,231400
28,0.671,0.939,8,-3.206,1,0.161,0.191,0.0,0.298,0.53,129.024,252307
29,0.747,0.716,11,-2.457,0,0.0751,0.135,0.0,0.251,0.751,125.006,210627
30,0.867,0.857,9,-5.892,1,0.0663,0.13,0.00171,0.13,0.402,130.048,251440
31,0.899,0.713,6,-2.752,0,0.366,0.255,0.0,0.0708,0.777,90.051,193467
32,0.735,0.824,10,-4.143,0,0.036,0.615,0.0,0.158,0.726,100.202,211666
33,0.543,0.87,9,-6.514,1,0.0428,0.358,0.000939,0.792,0.754,100.804,230400
34,0.72,0.763,9,-4.068,0,0.0523,0.406,0.0,0.18,0.742,101.965,251088
35,0.737,0.86,8,-2.652,0,0.0593,0.11,1.94e-06,0.0574,0.656,93.989,193227
36,0.532,0.869,11,-5.094,1,0.172,0.157,0.00508,0.136,0.422,159.803,208373
37,0.822,0.743,6,-3.04,0,0.0567,0.285,2.31e-06,0.102,0.355,96.025,185195
38,0.88,0.751,7,-4.258,0,0.0874,0.177,6.43e-05,0.106,0.884,117.948,157606
39,0.694,0.712,7,-3.923,0,0.046,0.132,0.0,0.211,0.799,98.023,201122
40,0.822,0.969,7,-11.471,0,0.0582,0.259,0.000153,0.39,0.765,128.007,283748
41,0.825,0.652,1,-3.183,0,0.0802,0.581,0.0,0.0931,0.931,95.977,233713
42,0.663,0.713,7,-6.647,0,0.112,0.0353,7.68e-06,0.0843,0.69,101.965,197933
43,0.476,0.718,8,-5.309,1,0.0576,0.0784,1.02e-05,0.122,0.142,199.864,205947
44,0.67,0.847,9,-3.723,1,0.043,0.0156,0.0,0.22,0.613,150.109,158773
45,0.719,0.704,1,-4.724,1,0.0476,0.0691,0.0,0.166,0.628,133.002,187436
46,0.689,0.481,10,-7.503,1,0.0815,0.369,1.03e-06,0.0649,0.283,80.025,229526
47,0.709,0.795,7,-4.765,0,0.0713,0.000505,1.09e-05,0.222,0.597,120.01,229787
48,0.706,0.89,1,-4.444,0,0.0688,0.0588,0.00286,0.306,0.684,128.011,248133
49,0.775,0.68,0,-5.508,0,0.0629,0.00906,0.0,0.109,0.656,114.025,207719
50,0.731,0.786,5,-5.82,0,0.233,0.0142,0.000359,0.788,0.552,128.034,179107
51,0.61,0.906,0,-2.117,1,0.0648,0.00416,0.0,0.758,0.294,127.916,231573
52,0.496,0.618,2,-6.288,1,0.0282,0.0483,3.46e-05,0.0976,0.153,126.021,213577
53,0.951,0.6,0,-4.675,0,0.0685,0.106,0.0,0.0712,0.822,125.04,218573
54,0.492,0.857,7,-2.634,1,0.0655,0.0841,7.82e-06,0.344,0.393,129.973,222500
55,0.648,0.812,11,-7.585,0,0.0414,0.000329,0.0369,0.0857,0.122,128.178,250947
56,0.749,0.925,10,-5.034,1,0.227,0.241,0.0,0.52,0.641,86.989,263373
57,0.72,0.672,7,-6.852,1,0.0551,0.009,0.0,0.232,0.705,124.986,204640
58,0.816,0.813,6,-7.798,0,0.0664,0.0662,2.77e-06,0.602,0.436,127.979,307640
59,0.83,0.857,8,-4.194,0,0.152,0.262,0.0,0.413,0.607,137.982,240747
60,0.755,0.837,2,-2.718,0,0.142,0.0991,0.0,0.289,0.714,120.028,199693
61,0.506,0.805,1,-4.119,1,0.0469,0.00711,0.00193,0.0856,0.383,126.008,227074
62,0.435,0.837,3,-8.126,1,0.449,0.00676,0.0,0.117,0.778,124.913,216893
63,0.527,0.835,6,-5.298,1,0.0433,0.0166,0.0,0.249,0.654,125.983,176658
64,0.691,0.921,8,-1.702,0,0.0535,0.174,0.0,0.331,0.802,130.072,201000
65,0.453,0.975,7,-3.074,1,0.291,0.0518,1.57e-06,0.223,0.155,129.174,202680
66,0.638,0.816,2,-5.503,1,0.0308,0.00149,0.00115,0.195,0.386,112.014,190014
67,0.551,0.893,7,-2.628,1,0.0543,0.00166,0.0,0.348,0.794,125.083,219987
68,0.835,0.669,6,-5.582,0,0.0643,0.0336,6.92e-05,0.0535,0.542,122.668,267080
69,0.824,0.862,2,-3.424,1,0.126,0.0076,0.000132,0.303,0.801,122.98,169153
70,0.744,0.717,0,-8.46,1,0.0275,0.0452,0.0,0.123,0.609,127.965,244960
71,0.726,0.931,11,-4.152,0,0.0469,0.0218,0.000275,0.143,0.796,126.976,195105
72,0.673,0.758,7,-3.632,1,0.158,0.039,0.0,0.341,0.542,135.956,229507
73,0.641,0.922,2,-4.457,1,0.0786,0.0291,0.0,0.0862,0.847,146.078,258343
74,0.761,0.892,6,-5.354,1,0.133,0.178,4.19e-05,0.0712,0.935,127.04,255173
75,0.698,0.963,9,-4.514,1,0.0496,0.106,0.0,0.419,0.847,131.023,179960
76,0.939,0.742,5,-5.171,0,0.0467,0.321,0.0,0.107,0.924,118.978,212360
77,0.813,0.627,11,-5.018,0,0.0486,0.0771,0.000616,0.131,0.801,130.011,195853
78,0.743,0.948,0,-4.445,0,0.0893,0.122,0.0,0.112,0.614,130.024,312987
79,0.798,0.443,2,-6.062,1,0.0403,0.244,0.0,0.326,0.354,125.232,293053
80,0.545,0.675,6,-6.474,1,0.0279,0.00617,0.00197,0.209,0.162,124.97,267867
81,0.703,0.868,7,-4.661,0,0.0291,0.15,0.132,0.104,0.733,121.03,193613
82,0.621,0.907,2,-3.923,1,0.0474,0.091,0.0,0.067,0.884,128.056,233693
83,0.532,0.783,2,-5.697,1,0.0523,0.0038,0.0012,0.161,0.643,124.08,247427
84,0.646,0.77,2,-6.596,0,0.226,0.00249,0.0,0.0715,0.681,99.165,236133
85,0.647,0.795,1,-3.548,0,0.0372,0.0635,0.0,0.188,0.409,127.992,192402
86,0.509,0.671,1,-5.709,1,0.0678,0.304,0.0,0.0452,0.55,118.413,227480
87,0.837,0.626,11,-5.674,0,0.152,0.0588,0.0,0.252,0.592,99.987,158760
88,0.811,0.601,2,-6.846,1,0.117,0.0973,0.0,0.059,0.577,127.082,193973
89,0.581,0.963,11,-4.087,1,0.0981,0.0295,0.0,0.139,0.788,129.992,204160
90,0.783,0.584,7,-6.572,1,0.0409,0.0109,2.91e-06,0.108,0.632,120.031,193467
91,0.905,0.782,10,-3.604,0,0.164,0.096,0.0,0.0623,0.798,96.055,211293
92,0.74,0.777,7,-5.425,0,0.163,0.0399,0.0,0.0835,0.767,129.98,157024
93,0.375,0.862,11,-3.363,0,0.255,0.071,0.0,0.211,0.478,159.841,338853
94,0.596,0.856,4,-3.556,0,0.0346,0.0211,0.0178,0.141,0.743,127.949,222533
95,0.63,0.706,0,-6.41,1,0.0807,0.124,0.0,0.254,0.677,75.992,220520
96,0.69,0.805,5,-11.522,0,0.0336,0.000232,0.739,0.095,0.799,127.808,264280
97,0.546,0.898,8,-3.938,1,0.232,0.00158,6.43e-06,0.229,0.466,130.002,210840
98,0.739,0.756,4,-4.828,1,0.0394,0.0136,0.0,0.37,0.523,110.028,231387
99,0.75,0.727,5,-4.21,0,0.142,0.0189,0.0,0.266,0.359,129.993,262173
100,0.761,0.835,7,-3.076,1,0.0425,0.031,1.44e-06,0.387,0.766,91.524,284907
101,0.899,0.661,1,-6.074,1,0.155,0.018,1.14e-05,0.0651,0.583,92.735,238440
102,0.797,0.779,7,-4.719,0,0.141,0.319,0.000142,0.266,0.82,82.37,260080
103,0.889,0.818,9,-4.639,1,0.253,0.47,0.0,0.179,0.782,96.063,302760
104,0.678,0.794,10,-6.186,0,0.14,0.274,1.68e-06,0.124,0.54,87.374,290573
105,0.921,0.836,7,-3.978,1,0.243,0.0405,0.0,0.0802,0.581,95.187,312627
106,0.87,0.925,1,-3.494,1,0.224,0.129,3.91e-05,0.374,0.569,97.542,277267
107,0.78,0.575,9,-7.247,0,0.273,0.43,0.0,0.143,0.773,84.492,252747
108,0.84,0.798,8,-5.079,1,0.0699,0.045,4.32e-05,0.172,0.695,100.175,246347
109,0.831,0.682,7,-5.697,1,0.238,0.256,0.0,0.494,0.6,91.771,319360
110,0.852,0.803,6,-6.929,0,0.264,0.00204,0.0,0.121,0.752,96.2,261400
111,0.778,0.957,11,-3.174,0,0.32,0.175,0.0,0.267,0.539,105.747,313053
112,0.589,0.827,11,-2.938,1,0.384,0.0143,0.00151,0.14,0.386,161.978,256240
113,0.862,0.648,4,-7.401,0,0.251,0.0455,0.0,0.0332,0.637,98.012,235533
114,0.846,0.872,1,-3.604,1,0.126,0.0379,0.0017,0.0564,0.819,99.251,242427
115,0.756,0.53,7,-9.639,1,0.142,0.00138,0.00701,0.323,0.524,79.855,274307
116,0.803,0.444,6,-10.268,0,0.132,0.031,0.0227,0.112,0.584,92.035,203027
117,0.808,0.716,4,-3.774,0,0.0338,0.00515,1.79e-05,0.182,0.352,90.009,231653
118,0.652,0.814,1,-4.901,1,0.31,0.164,0.0,0.36,0.788,91.888,275893
119,0.7,0.402,5,-9.93,0,0.278,0.0498,1.04e-06,0.16,0.499,77.871,300600
120,0.727,0.831,6,-5.713,1,0.31,0.0632,3.63e-05,0.487,0.504,84.991,264547
121,0.578,0.819,9,-7.636,0,0.312,0.24,0.0,0.774,0.755,173.84,273427
122,0.704,0.873,11,-4.057,0,0.144,0.121,5.12e-06,0.24,0.742,154.914,366880
123,0.634,0.734,8,-7.014,0,0.414,0.156,0.0,0.45,0.58,86.066,262507
124,0.813,0.687,1,-10.178,1,0.152,0.0558,0.0,0.113,0.732,103.196,237533
125,0.752,0.735,1,-3.851,1,0.196,0.0876,0.0,0.14,0.635,90.87,257627
126,0.718,0.736,4,-5.719,0,0.259,0.0147,0.0,0.0943,0.314,89.906,254800
127,0.669,0.484,5,-14.004,0,0.127,0.0224,0.0,0.0903,0.737,166.71,233467
128,0.857,0.867,6,-4.952,0,0.063,0.0271,0.0,0.128,0.918,104.405,253133
129,0.805,0.858,0,-3.067,1,0.105,0.194,7.89e-06,0.256,0.523,97.033,321649
130,0.808,0.71,11,-8.099,0,0.306,0.00807,0.0,0.208,0.711,94.606,235187
131,0.549,0.853,7,-4.293,1,0.188,0.0285,0.000296,0.618,0.346,94.695,211493
132,0.763,0.565,8,-6.843,0,0.196,0.0544,0.0,0.137,0.232,89.993,322573
133,0.855,0.52,7,-12.07,1,0.268,0.184,0.0,0.114,0.402,92.451,264760
134,0.758,0.519,10,-10.58,0,0.0395,0.117,0.0742,0.109,0.617,92.872,232773
135,0.934,0.735,1,-6.668,1,0.251,0.031,8.6e-06,0.107,0.768,101.368,273107
136,0.6,0.706,10,-7.899,0,0.361,0.209,0.0,0.125,0.58,173.926,253533
137,0.637,0.66,0,-4.792,1,0.162,0.217,0.0,0.09,0.503,90.876,329427
138,0.731,0.695,10,-5.741,0,0.45,0.122,0.0,0.106,0.696,188.182,283027
139,0.846,0.416,10,-13.767,0,0.118,0.156,9.34e-06,0.238,0.645,96.188,259000
140,0.845,0.478,11,-7.501,0,0.353,0.0638,0.0,0.051,0.715,159.384,294944
141,0.516,0.874,9,-2.571,1,0.186,0.0864,0.0,0.173,0.391,169.561,297520
142,0.886,0.512,10,-11.825,0,0.237,0.207,0.0,0.0991,0.454,93.997,308733
143,0.868,0.372,4,-12.704,0,0.177,0.0103,0.00455,0.076,0.666,99.965,266333
144,0.775,0.535,6,-7.125,1,0.113,0.349,0.0,0.14,0.315,84.122,280000
145,0.811,0.502,10,-12.377,0,0.239,0.0778,0.00952,0.374,0.759,137.81,324333
146,0.874,0.63,1,-3.585,1,0.298,0.0578,0.00479,0.0582,0.717,95.0,281600
147,0.924,0.74,8,-1.299,1,0.0774,0.0827,0.0,0.163,0.621,133.974,222293
148,0.711,0.926,7,-2.375,1,0.208,0.0243,0.0,0.385,0.528,95.108,300413
149,0.817,0.552,8,-10.8,0,0.385,0.0318,7.01e-06,0.826,0.808,102.011,291067
150,0.715,0.464,8,-9.4,1,0.0466,0.00391,0.000298,0.341,0.342,139.927,261360
151,0.703,0.424,7,-12.283,1,0.157,0.00493,0.0,0.0905,0.563,92.49,309907
152,0.875,0.554,9,-3.786,0,0.421,0.279,0.0,0.0912,0.738,92.198,205467
153,0.681,0.802,11,-5.819,0,0.267,0.476,0.0,0.146,0.495,86.503,329827
154,0.828,0.892,4,-4.567,0,0.193,0.115,0.0,0.217,0.712,85.95,308267
155,0.612,0.85,1,-4.703,1,0.5,0.0393,0.0,0.255,0.781,173.497,204027
156,0.827,0.728,2,-3.912,1,0.307,0.0768,0.0,0.237,0.692,90.872,259493
157,0.831,0.7,10,-4.113,0,0.205,0.0121,0.0,0.0854,0.528,99.276,353133
158,0.842,0.79,1,-4.37,1,0.108,0.00725,0.000124,0.297,0.933,96.003,304133
159,0.614,0.803,7,-5.732,1,0.357,0.316,0.0,0.156,0.395,83.898,290333
160,0.866,0.818,8,-4.111,0,0.26,0.0137,0.0,0.132,0.747,103.332,219947
161,0.877,0.681,1,-6.277,0,0.259,0.584,0.0,0.119,0.839,94.835,243013
162,0.52,0.847,9,-5.3,1,0.427,0.272,0.0,0.325,0.799,177.371,302013
163,0.721,0.918,10,-5.125,0,0.455,0.0459,0.0,0.156,0.795,179.726,214547
164,0.763,0.786,10,-6.472,0,0.229,0.0146,0.0114,0.0817,0.504,93.857,325507
165,0.813,0.703,11,-5.077,0,0.268,0.125,1.26e-06,0.237,0.241,94.828,224533
166,0.875,0.658,0,-3.641,1,0.359,0.275,0.0,0.122,0.661,92.038,274093
167,0.679,0.509,4,-7.31,1,0.0617,0.0856,0.0,0.438,0.534,144.29,223547
168,0.862,0.663,0,-9.004,1,0.21,0.12,0.0,0.318,0.837,85.308,238267
169,0.913,0.656,11,-5.479,1,0.138,0.0652,0.0,0.0246,0.913,95.494,263627
170,0.833,0.68,7,-5.408,1,0.227,0.157,0.0,0.189,0.641,98.996,242093
171,0.746,0.736,11,-5.21,0,0.227,0.0101,5.56e-06,0.0333,0.808,95.58,255093
172,0.774,0.776,6,-5.331,1,0.304,0.178,0.0,0.283,0.654,99.071,311533
173,0.869,0.68,1,-6.233,1,0.318,0.0416,1.12e-06,0.0914,0.815,85.519,268400
174,0.786,0.9,1,-0.839,1,0.205,0.0262,0.0235,0.306,0.627,91.984,292013
175,0.752,0.611,11,-8.681,0,0.315,0.21,0.0,0.778,0.746,90.993,279933
176,0.709,0.874,7,-4.522,1,0.193,0.0114,0.0,0.213,0.832,88.546,264960
177,0.634,0.845,11,-5.058,0,0.352,0.00602,5.29e-06,0.0598,0.929,94.0,237027
178,0.821,0.703,11,-8.464,0,0.24,0.192,0.0,0.0816,0.536,105.154,203627
179,0.775,0.829,1,-1.933,1,0.304,0.0606,0.0,0.33,0.836,176.047,278160
180,0.704,0.616,8,-12.519,0,0.302,0.222,0.00018,0.13,0.596,96.036,273320
181,0.814,0.481,0,-5.183,1,0.245,0.097,3.83e-05,0.0495,0.193,96.252,161400
182,0.704,0.701,2,-8.031,1,0.46,0.549,0.0,0.664,0.618,92.032,217507
183,0.769,0.364,7,-14.337,1,0.415,0.158,0.0131,0.404,0.241,96.261,181627
184,0.47,0.83,9,-5.35,1,0.115,0.00474,0.0,0.339,0.587,90.967,218187
185,0.786,0.777,8,-8.918,1,0.122,0.472,1.06e-06,0.0849,0.652,90.662,293933
186,0.672,0.617,11,-8.372,0,0.0657,0.411,0.0,0.255,0.803,75.952,345800
187,0.749,0.679,5,-5.889,0,0.238,0.0177,9.33e-06,0.406,0.672,85.04,293667
188,0.825,0.457,11,-9.939,0,0.216,0.0948,0.0,0.255,0.694,90.297,232560
189,0.671,0.533,5,-7.154,0,0.195,0.0696,0.0,0.0846,0.62,159.872,299627
190,0.726,0.605,0,-7.012,1,0.042,0.514,0.0,0.296,0.172,92.027,269296
191,0.843,0.806,4,-5.946,0,0.269,0.143,0.0,0.0771,0.613,94.948,270507
192,0.766,0.889,1,-4.35,1,0.102,0.184,1.25e-05,0.144,0.933,169.084,215200
193,0.67,0.788,11,-2.43,0,0.0445,0.00225,0.0,0.11,0.292,82.498,179467
194,0.91,0.747,6,-4.814,0,0.254,0.0113,0.0,0.123,0.714,90.163,287413
195,0.879,0.564,10,-7.682,0,0.247,0.0474,9.43e-06,0.0519,0.523,93.908,282373
196,0.665,0.91,6,-4.682,0,0.223,0.0394,0.0,0.227,0.887,84.099,293973
197,0.614,0.543,5,-7.178,1,0.374,0.00776,3.28e-05,0.383,0.485,178.422,234093
198,0.88,0.558,9,-10.426,1,0.217,0.121,3.35e-05,0.119,0.597,89.024,361267
199,0.887,0.539,10,-9.857,0,0.265,0.00942,0.0,0.166,0.56,82.024,326040
200,0.828,0.492,0,-9.744,1,0.0276,0.0644,0.00428,0.128,0.789,120.151,257800
201,0.769,0.367,2,-11.226,1,0.0312,0.684,1.62e-05,0.081,0.535,103.621,163756
202,0.65,0.306,9,-9.443,1,0.0393,0.57,7.07e-06,0.0707,0.605,118.068,180056
203,0.592,0.355,9,-14.051,1,0.0352,0.478,0.0,0.0585,0.499,133.032,216773
204,0.49,0.758,7,-6.491,1,0.0297,0.000671,0.484,0.092,0.435,112.114,371413
205,0.579,0.508,2,-9.484,1,0.027,0.00574,0.000494,0.0575,0.609,147.125,391376
206,0.716,0.818,7,-7.456,1,0.0256,0.154,0.000806,0.236,0.817,103.668,248600
207,0.742,0.883,0,-3.419,1,0.0329,0.333,7.51e-06,0.0964,0.978,136.506,240280
208,0.691,0.812,0,-7.772,1,0.0558,0.0433,1.16e-06,0.299,0.685,127.568,220627
209,0.58,0.498,1,-6.901,1,0.0277,0.198,0.0,0.132,0.111,116.271,206360
210,0.449,0.585,5,-6.761,1,0.0268,0.0509,8.75e-05,0.0833,0.212,139.631,278719
211,0.808,0.897,11,-3.712,0,0.0348,0.0469,3.14e-05,0.364,0.591,126.026,231041
212,0.711,0.292,4,-15.523,0,0.037,0.313,0.0,0.131,0.194,103.951,296800
213,0.664,0.553,9,-7.723,1,0.0264,0.743,0.00978,0.0838,0.287,112.52,286880
214,0.573,0.902,6,-7.638,0,0.054,0.018,0.00125,0.0928,0.876,84.412,225280
215,0.855,0.587,8,-4.589,1,0.0336,0.0505,0.00714,0.105,0.64,111.97,177466
216,0.68,0.701,0,-10.46,1,0.0275,0.0341,0.00479,0.114,0.824,103.789,253593
217,0.477,0.471,6,-10.036,1,0.0277,0.193,1.76e-06,0.131,0.423,81.204,304787
218,0.599,0.785,3,-4.013,1,0.0309,0.448,0.00336,0.151,0.52,140.046,233640
219,0.591,0.804,0,-7.299,1,0.0454,0.327,5.98e-06,0.0818,0.658,111.457,329413
220,0.538,0.969,11,-5.626,0,0.0906,0.417,0.00154,0.119,0.928,138.652,165790
221,0.605,0.704,5,-6.564,1,0.0476,0.241,0.0,0.137,0.4,80.925,220413
222,0.805,0.558,0,-5.226,1,0.041,0.164,2.2e-05,0.0546,0.965,114.95,147600
223,0.659,0.678,0,-8.18,1,0.0313,0.157,6.69e-06,0.0784,0.647,106.186,258411
224,0.781,0.445,2,-6.061,1,0.0295,0.474,0.0,0.184,0.591,78.998,281560
225,0.586,0.941,5,-5.139,1,0.0375,0.0167,0.000776,0.068,0.831,135.448,223613
226,0.446,0.764,10,-5.042,1,0.033,0.00135,0.0,0.099,0.543,172.094,223840
227,0.575,0.67,7,-10.39,1,0.0318,0.343,4.95e-06,0.129,0.74,139.191,211578
228,0.825,0.811,10,-9.226,0,0.0524,0.258,0.000276,0.132,0.789,104.28,285253
229,0.408,0.582,11,-8.305,1,0.0508,0.218,0.0,0.159,0.365,114.926,230000
230,0.801,0.795,1,-5.115,0,0.0504,0.0417,0.000113,0.0717,0.754,79.028,163253
231,0.793,0.793,11,-4.521,0,0.083,0.0123,0.0,0.0951,0.679,123.95,183290
232,0.596,0.598,0,-13.409,1,0.0268,0.00808,3.07e-06,0.241,0.595,113.825,213373
233,0.635,0.841,5,-5.379,1,0.0422,0.0134,0.0,0.0622,0.424,109.021,220734
234,0.647,0.722,0,-9.874,1,0.0277,0.106,0.0,0.133,0.637,133.832,242707
235,0.653,0.652,7,-9.304,0,0.0427,0.13,1.58e-05,0.202,0.846,115.388,248360
236,0.474,0.707,7,-4.534,1,0.0253,0.0831,0.0,0.162,0.224,83.235,252107
237,0.562,0.383,6,-15.474,1,0.0304,0.143,0.124,0.138,0.599,93.764,206760
238,0.661,0.908,5,-4.897,1,0.039,0.052,0.0,0.0708,0.656,144.091,296080
239,0.631,0.664,6,-9.197,1,0.0242,0.0498,0.00042,0.0696,0.407,100.618,268747
240,0.527,0.923,2,-7.458,1,0.0379,0.000541,0.765,0.127,0.899,146.924,208453
241,0.611,0.846,11,-5.9,1,0.0436,0.00509,0.0,0.0784,0.751,103.912,162920
242,0.62,0.936,7,-4.593,1,0.0308,0.0261,0.0,0.0679,0.763,97.527,175747
243,0.643,0.802,6,-4.92,1,0.0227,0.0299,0.0,0.0719,0.53,95.99,270333
244,0.694,0.881,1,-4.053,0,0.0701,0.0153,0.0196,0.0851,0.924,121.554,231787
245,0.584,0.533,10,-7.11,0,0.0305,0.684,0.0,0.306,0.224,131.745,288427
246,0.675,0.479,0,-9.87,0,0.0278,0.633,1.76e-05,0.088,0.454,81.998,209493
247,0.898,0.271,7,-12.238,1,0.091,0.0135,0.00138,0.0461,0.742,111.485,226240
248,0.777,0.521,0,-8.443,1,0.0277,0.359,0.11,0.0594,0.335,97.623,393387
249,0.52,0.652,5,-6.655,1,0.0274,0.34,5.49e-05,0.256,0.722,80.609,258787
250,0.644,0.919,2,-6.289,1,0.0561,0.181,0.134,0.622,0.871,117.459,259907
251,0.766,0.563,9,-7.516,0,0.0339,0.0263,0.683,0.115,0.964,126.007,230640
252,0.651,0.949,4,-6.566,0,0.0403,0.00737,0.125,0.286,0.61,113.257,285733
253,0.672,0.809,11,-5.704,1,0.0595,0.325,0.0,0.336,0.88,133.036,191027
254,0.695,0.884,6,-2.278,0,0.0753,0.0561,0.0,0.213,0.914,103.014,203808
255,0.704,0.828,5,-7.304,0,0.0514,0.11,0.0,0.747,0.866,133.496,262587
256,0.627,0.802,0,-8.432,1,0.0348,0.197,0.784,0.404,0.867,126.283,232400
257,0.629,0.547,10,-13.123,0,0.055,0.72,0.00314,0.0604,0.197,108.375,298933
258,0.627,0.858,7,-3.116,1,0.0394,0.0288,0.0,0.199,0.399,100.074,194387
259,0.749,0.497,10,-12.609,0,0.105,0.41,0.0499,0.0504,0.585,95.818,438493
260,0.261,0.703,6,-7.871,1,0.0414,0.115,0.00078,0.102,0.405,83.495,234332
261,0.607,0.82,11,-7.754,1,0.0597,0.0541,6.8e-05,0.269,0.768,126.988,207507
262,0.79,0.41,0,-13.241,1,0.0343,0.263,0.00314,0.174,0.815,112.345,159000
263,0.703,0.444,11,-9.331,1,0.0417,0.559,0.0,0.0973,0.712,150.96,242947
264,0.642,0.284,1,-15.317,1,0.0326,0.845,0.000234,0.113,0.439,147.874,310000
265,0.751,0.703,9,-5.687,1,0.0287,0.368,0.00123,0.196,0.907,97.931,185960
266,0.516,0.15,1,-20.41,1,0.0272,0.13,0.0755,0.122,0.205,97.398,173867
267,0.497,0.349,7,-14.0,1,0.0297,0.0929,0.028,0.259,0.421,113.762,365627
268,0.733,0.624,4,-9.849,1,0.0374,0.623,0.0,0.407,0.912,114.586,154907
269,0.754,0.366,8,-10.07,1,0.0312,0.273,9.04e-05,0.106,0.469,91.147,287440
270,0.681,0.893,7,-8.485,1,0.0378,6.47e-05,0.383,0.0626,0.951,130.475,244720
271,0.567,0.512,0,-8.831,1,0.0357,0.545,0.0,0.296,0.334,130.271,252613
272,0.481,0.262,7,-15.73,1,0.0414,0.735,0.0114,0.832,0.375,122.861,334744
273,0.599,0.448,8,-6.312,1,0.0232,0.163,0.0,0.106,0.168,95.05,263400
274,0.648,0.309,2,-12.432,1,0.0264,0.526,0.000249,0.124,0.407,112.929,303213
275,0.6,0.77,5,-5.559,0,0.0302,0.0603,4.79e-06,0.0967,0.321,128.473,277240
276,0.689,0.2,9,-18.634,1,0.0309,0.795,0.0327,0.0893,0.478,91.787,268867
277,0.864,0.346,4,-12.918,1,0.0365,0.277,0.00521,0.0514,0.964,105.164,189840
278,0.796,0.693,2,-6.02,1,0.0413,0.164,1.77e-05,0.0408,0.954,108.8,218907
279,0.613,0.697,2,-8.618,1,0.133,0.0194,0.0,0.332,0.476,122.746,320357
280,0.484,0.731,1,-6.694,1,0.0379,0.431,0.0,0.151,0.51,101.654,204280
281,0.6,0.824,5,-9.864,0,0.027,0.171,0.000225,0.258,0.749,96.075,281853
282,0.764,0.709,2,-6.766,1,0.0348,0.163,0.0,0.334,0.786,124.043,234373
283,0.799,0.586,11,-6.735,1,0.0377,0.162,2.03e-06,0.193,0.549,120.97,227833
284,0.624,0.868,5,-5.867,1,0.0269,0.305,1.38e-05,0.186,0.806,111.143,268187
285,0.629,0.795,6,-6.02,1,0.0278,0.136,5.44e-06,0.132,0.6,110.583,190080
286,0.504,0.728,10,-5.699,0,0.0234,0.36,0.0,0.159,0.683,89.255,266201
287,0.608,0.524,8,-10.266,1,0.0309,0.367,0.00254,0.115,0.797,86.204,205613
288,0.591,0.415,6,-6.936,1,0.0437,0.424,0.000299,0.111,0.197,90.483,201072
289,0.51,0.488,7,-10.304,1,0.0304,0.256,0.0,0.11,0.649,125.683,179613
290,0.632,0.639,5,-5.938,1,0.0259,0.00143,0.0,0.221,0.733,95.506,196893
291,0.417,0.535,7,-8.619,1,0.0264,0.000384,0.000154,0.125,0.0774,92.069,295867
292,0.744,0.453,5,-11.977,1,0.0348,0.627,0.421,0.0898,0.122,103.773,239960
293,0.744,0.798,7,-5.981,1,0.0364,0.175,0.00367,0.26,0.89,125.061,268507
294,0.489,0.615,5,-7.185,0,0.0286,0.113,4.41e-06,0.156,0.456,138.008,241427
295,0.315,0.715,11,-8.072,0,0.0362,0.00125,7.97e-06,0.0942,0.497,155.925,289533
296,0.32,0.546,9,-8.33,1,0.0278,0.181,1.98e-06,0.0928,0.263,163.824,238520
297,0.559,0.345,4,-13.496,1,0.0459,0.0576,0.000105,0.141,0.458,84.581,264307
298,0.421,0.407,10,-7.445,1,0.0267,0.309,0.000961,0.11,0.161,139.028,285120
299,0.689,0.481,10,-7.503,1,0.0815,0.369,1.03e-06,0.0649,0.283,80.025,229526
300,0.756,0.697,8,-6.377,1,0.0401,0.182,0.0,0.333,0.956,94.996,206071
301,0.52,0.731,6,-5.338,0,0.0557,0.342,0.00101,0.311,0.662,173.93,167303
302,0.656,0.513,5,-8.691,1,0.253,0.156,6.45e-05,0.0763,0.464,86.891,242747
303,0.697,0.875,5,-4.621,1,0.034,0.137,0.0,0.28,0.774,140.069,163855
304,0.789,0.387,11,-9.686,1,0.0626,0.359,0.000246,0.55,0.659,96.991,159588
305,0.727,0.729,0,-2.99,1,0.326,0.171,0.0,0.07,0.512,117.932,284733
306,0.712,0.862,5,-4.612,0,0.0378,0.0525,0.0,0.093,0.809,95.051,206200
307,0.627,0.468,11,-11.487,1,0.0788,0.349,1.02e-06,0.13,0.397,98.607,155625
308,0.544,0.786,8,-2.97,1,0.0501,0.00991,0.0,0.169,0.446,153.967,157138
309,0.712,0.581,11,-7.951,0,0.281,0.467,0.0,0.132,0.694,77.502,201221
310,0.514,0.73,1,-5.934,1,0.0598,0.00146,9.54e-05,0.0897,0.334,171.005,200040
311,0.756,0.687,4,-5.649,0,0.0662,0.0827,0.0,0.304,0.57,107.96,185444
312,0.707,0.923,7,-3.409,1,0.0276,0.0195,0.0,0.342,0.845,108.023,288360
313,0.687,0.925,8,-5.42,0,0.0602,0.171,0.467,0.147,0.496,124.035,270968
314,0.617,0.799,0,-5.636,1,0.0302,0.0309,0.00993,0.348,0.321,119.971,272172
315,0.591,0.472,11,-6.838,1,0.0274,0.0211,9.68e-06,0.0774,0.28,126.921,215905
316,0.824,0.53,8,-10.851,1,0.209,0.0309,0.0221,0.228,0.385,142.027,185227
317,0.762,0.766,7,-3.955,1,0.0343,0.00776,6.98e-05,0.128,0.442,130.001,287120
318,0.575,0.447,9,-8.91,1,0.0421,0.402,3.53e-06,0.123,0.18,89.905,194026
319,0.844,0.654,6,-10.427,0,0.0763,0.267,1.31e-06,0.101,0.446,130.101,170668
320,0.507,0.832,10,-5.931,1,0.0425,0.00643,1.6e-05,0.229,0.485,177.894,206682
321,0.495,0.306,2,-9.868,1,0.0332,0.919,4.59e-06,0.16,0.412,122.683,151707
322,0.648,0.421,5,-8.697,1,0.0301,0.706,0.0,0.169,0.235,80.004,287321
323,0.653,0.623,6,-5.273,0,0.082,0.253,0.0,0.144,0.401,123.999,234213
324,0.686,0.751,2,-6.956,1,0.0601,0.128,0.000104,0.0921,0.389,110.017,226909
325,0.698,0.364,1,-9.67,1,0.046,0.736,5.37e-06,0.128,0.126,99.95,140400
326,0.788,0.859,2,-2.724,1,0.0856,0.281,0.0,0.0424,0.822,141.02,207853
327,0.628,0.698,6,-5.608,0,0.105,0.0472,0.00143,0.0907,0.732,89.976,211667
328,0.631,0.652,2,-6.668,1,0.0388,0.102,0.0,0.135,0.596,119.952,150667
329,0.542,0.659,8,-7.289,1,0.0389,0.00279,0.0,0.105,0.109,120.122,234000
330,0.723,0.809,7,-3.081,0,0.0625,0.00346,0.00123,0.565,0.274,98.007,176561
331,0.69,0.572,7,-6.131,1,0.0264,0.0451,0.0,0.0969,0.375,111.92,235667
332,0.892,0.714,4,-6.055,0,0.141,0.201,0.000234,0.0521,0.817,100.972,267267
333,0.796,0.798,1,-6.312,1,0.0317,0.034,4.19e-05,0.0952,0.942,116.032,202735
334,0.726,0.769,6,-5.043,1,0.123,0.0293,0.0101,0.104,0.733,97.985,233902
335,0.701,0.425,7,-10.965,1,0.375,0.328,0.13,0.1,0.562,135.128,194088
336,0.671,0.636,6,-8.117,0,0.103,0.515,0.000411,0.172,0.262,120.966,148197
337,0.801,0.645,1,-6.93,1,0.0356,0.0457,0.0,0.0357,0.824,110.01,215480
338,0.761,0.525,11,-6.9,1,0.0944,0.44,6.7e-06,0.0921,0.531,80.87,238805
339,0.842,0.592,1,-6.785,1,0.128,0.0793,4.71e-05,0.0504,0.679,100.976,171067
340,0.721,0.586,11,-5.999,1,0.034,0.204,2.21e-05,0.0902,0.918,176.104,208507
341,0.667,0.747,1,-7.059,1,0.189,0.337,0.0,0.115,0.918,86.917,203493
342,0.729,0.675,5,-5.292,0,0.0286,4.14e-05,0.00126,0.0867,0.74,125.036,215200
343,0.76,0.886,9,-5.356,0,0.0258,0.0219,7.43e-06,0.623,0.78,123.002,189399
344,0.548,0.816,0,-4.209,1,0.0465,0.122,0.0,0.335,0.557,95.39,174000
345,0.652,0.877,1,-2.986,1,0.0465,0.0227,0.0,0.0789,0.486,118.491,200107
346,0.557,0.783,6,-4.893,0,0.234,0.0171,0.0172,0.151,0.442,177.008,255360
347,0.808,0.897,11,-3.712,0,0.0348,0.0469,3.14e-05,0.364,0.591,126.026,231041
348,0.646,0.94,10,-2.856,0,0.0838,0.0209,0.0,0.0691,0.704,129.011,231787
349,0.686,0.825,4,-8.924,0,0.0516,0.0197,0.000486,0.0958,0.815,126.946,194493
350,0.586,0.817,10,-5.609,0,0.0454,0.000157,0.0,0.13,0.464,127.068,218107
351,0.699,0.529,2,-7.548,1,0.0487,0.0317,3.59e-05,0.285,0.121,119.987,206167
352,0.646,0.644,2,-6.763,1,0.031,0.0243,0.0,0.0888,0.251,99.999,221520
353,0.689,0.481,10,-7.503,1,0.0815,0.369,1.03e-06,0.0649,0.283,80.025,229526
354,0.834,0.73,8,-3.714,1,0.222,0.00513,0.0,0.124,0.446,155.008,312820
355,0.967,0.583,7,-5.562,0,0.0789,0.0584,0.0,0.0519,0.964,117.0,242733
356,0.794,0.711,8,-5.124,0,0.0699,0.3,0.0,0.0955,0.955,174.915,189109
357,0.758,0.913,6,-2.926,0,0.113,0.00364,6.92e-05,0.193,0.658,128.04,186210
358,0.76,0.703,5,-5.412,1,0.054,0.103,0.0,0.0913,0.57,95.997,231827
359,0.545,0.78,7,-4.867,0,0.0436,0.0309,4.64e-05,0.0828,0.458,125.014,255093
360,0.66,0.9,7,-5.02,1,0.14,0.0403,0.0,0.219,0.591,85.51,213253
361,0.755,0.765,8,-4.328,1,0.0486,0.0503,0.0,0.0326,0.691,114.993,218053
362,0.646,0.795,9,-3.293,1,0.0976,0.0319,0.0,0.267,0.796,89.99,210960
363,0.67,0.855,0,-3.035,0,0.0499,0.0124,0.0,0.335,0.648,120.05,227280
364,0.575,0.844,6,-4.89,0,0.072,0.00172,0.0,0.114,0.277,104.914,177801
365,0.758,0.557,7,-4.568,1,0.034,0.0117,0.0,0.0418,0.781,126.986,231840
366,0.789,0.711,2,-4.248,1,0.041,0.0332,0.0,0.0876,0.753,112.985,190306
367,0.799,0.586,11,-6.735,1,0.0377,0.162,2.03e-06,0.193,0.549,120.97,227833
368,0.732,0.396,4,-9.348,0,0.0286,0.0841,3.58e-05,0.105,0.548,90.024,195920
369,0.624,0.554,2,-8.113,1,0.0225,0.191,0.00131,0.299,0.311,97.031,269720
370,0.767,0.682,1,-5.02,1,0.042,0.0113,0.00016,0.104,0.833,127.975,243533
371,0.731,0.807,3,-6.492,0,0.1,0.181,0.751,0.319,0.765,114.759,179120
372,0.632,0.639,5,-5.938,1,0.0259,0.00143,0.0,0.221,0.733,95.506,196893
373,0.702,0.825,6,-3.787,0,0.0601,0.00883,0.0,0.0674,0.915,102.977,203064
374,0.515,0.74,10,-5.507,0,0.363,0.0493,0.0,0.258,0.765,75.922,281133
375,0.894,0.635,2,-6.929,1,0.0473,0.193,0.00105,0.0823,0.428,105.013,249143
376,0.72,0.672,7,-6.852,1,0.0551,0.009,0.0,0.232,0.705,124.986,204640
377,0.746,0.765,6,-4.41,0,0.0993,0.0112,0.0,0.0936,0.737,114.044,199054
378,0.616,0.862,7,-5.18,0,0.0973,0.00117,0.0,0.179,0.569,127.992,234693
379,0.767,0.824,7,-4.558,0,0.0479,0.174,0.0,0.357,0.623,129.96,214760
380,0.794,0.811,6,-8.966,0,0.038,0.0426,1.07e-06,0.101,0.862,116.047,248413
381,0.59,0.642,7,-3.87,1,0.122,0.0771,0.0,0.105,0.651,107.356,174444
382,0.764,0.32,11,-7.209,1,0.0546,0.837,0.0,0.0822,0.575,91.019,189486
383,0.774,0.765,4,-5.503,0,0.0517,0.156,0.0,0.0523,0.908,119.018,218440
384,0.637,0.69,1,-4.057,0,0.0405,0.00786,0.0,0.124,0.457,129.857,162399
385,0.789,0.72,8,-5.652,0,0.218,0.223,0.0,0.129,0.664,122.031,166794
386,0.695,0.762,0,-3.497,1,0.0395,0.192,0.00244,0.0863,0.553,120.042,215280
387,0.585,0.52,5,-6.136,0,0.0712,0.124,7.01e-05,0.131,0.129,159.801,218147
388,0.83,0.49,1,-8.82,0,0.209,0.289,3.04e-06,0.113,0.845,81.604,247059
389,0.767,0.481,0,-8.52,0,0.0803,0.234,0.0,0.269,0.761,150.076,171375
390,0.577,0.741,6,-3.83,0,0.0501,0.298,0.0,0.142,0.581,128.081,230613
391,0.501,0.519,4,-5.88,0,0.0409,0.109,0.0,0.454,0.168,133.99,195707
392,0.793,0.774,0,-3.667,0,0.0478,0.156,0.0,0.193,0.547,113.967,202307
393,0.572,0.385,7,-6.362,1,0.0308,0.371,0.0,0.231,0.323,95.799,215733
394,0.593,0.877,0,-3.825,0,0.0677,0.123,0.0,0.503,0.635,123.76,166413
395,0.646,0.823,2,-4.123,0,0.0394,0.213,0.0,0.322,0.418,128.035,227267
396,0.527,0.835,6,-5.298,1,0.0433,0.0166,0.0,0.249,0.654,125.983,176658
397,0.531,0.752,1,-6.161,1,0.0305,0.0421,0.0,0.12,0.103,89.917,237800
398,0.268,0.716,9,-4.151,0,0.0337,0.0421,9.88e-06,0.108,0.393,160.008,237000
399,0.626,0.88,9,-2.384,0,0.0504,0.205,0.0,0.128,0.534,95.079,202621
400,0.697,0.809,9,-8.197,1,0.0302,0.114,0.000521,0.183,0.98,125.941,214827
401,0.73,0.862,11,-5.876,1,0.0313,0.0398,0.0,0.0818,0.77,104.018,200560
402,0.835,0.687,5,-3.18,1,0.184,0.101,0.0,0.132,0.828,94.059,272533
403,0.592,0.767,9,-2.788,0,0.027,0.0021,0.00165,0.127,0.328,96.483,329733
404,0.743,0.766,0,-6.375,1,0.0265,0.0873,0.0,0.509,0.61,127.96,289133
405,0.332,0.214,4,-12.518,1,0.0349,0.845,5.62e-06,0.0839,0.11,67.531,271093
406,0.817,0.599,0,-9.249,0,0.0328,0.132,0.000311,0.0873,0.548,108.873,245640
407,0.256,0.392,1,-7.506,1,0.0316,0.732,0.0,0.0792,0.156,159.977,258389
408,0.426,0.584,1,-5.293,1,0.296,0.0383,0.0,0.192,0.272,193.438,192587
409,0.706,0.563,10,-15.564,0,0.0342,0.0704,0.00151,0.152,0.955,103.613,281667
410,0.723,0.969,6,-4.516,1,0.142,0.0643,0.0,0.115,0.728,126.653,286800
411,0.498,0.862,7,-6.02,0,0.0589,0.000313,0.00941,0.352,0.47,128.034,192294
412,0.705,0.898,5,-6.371,0,0.0702,0.207,0.00118,0.702,0.657,136.282,212000
413,0.543,0.919,1,-4.831,0,0.0415,0.000449,0.0,0.243,0.498,125.023,195307
414,0.573,0.902,6,-7.638,0,0.054,0.018,0.00125,0.0928,0.876,84.412,225280
415,0.682,0.764,4,-6.057,1,0.031,0.00321,2.42e-06,0.131,0.406,111.007,196989
416,0.671,0.373,9,-18.064,1,0.0323,0.257,8.01e-05,0.0481,0.732,92.718,295893
417,0.719,0.967,0,-2.435,1,0.0552,0.0588,0.000249,0.206,0.964,79.505,235213
418,0.855,0.587,8,-4.589,1,0.0336,0.0505,0.00714,0.105,0.64,111.97,177466
419,0.707,0.776,2,-5.248,0,0.0712,0.027,0.0,0.0462,0.438,128.953,215787
420,0.617,0.728,7,-7.932,1,0.0292,0.0328,0.0482,0.36,0.808,139.066,238760
421,0.699,0.692,6,-8.218,0,0.0332,0.0567,0.0161,0.129,0.609,121.863,270000
422,0.762,0.482,4,-4.35,0,0.0734,0.0725,3.26e-06,0.0802,0.684,94.009,177087
423,0.759,0.699,0,-5.745,0,0.0307,0.202,0.000131,0.443,0.907,92.96,211067
424,0.809,0.777,6,-8.677,0,0.0498,0.016,0.83,0.0721,0.436,125.034,218880
425,0.529,0.843,6,-6.908,0,0.0616,0.0628,0.000827,0.0608,0.188,117.662,310333
426,0.867,0.517,11,-13.222,0,0.0875,0.00456,0.000339,0.0864,0.866,133.148,257360
427,0.427,0.9,11,-3.674,1,0.0499,0.116,1.75e-05,0.119,0.599,104.655,334667
428,0.586,0.651,0,-10.16,1,0.048,0.144,0.0,0.489,0.901,81.397,223067
429,0.569,0.546,9,-6.262,1,0.0251,0.302,1.13e-05,0.137,0.205,104.007,265667
430,0.577,0.749,5,-7.215,0,0.0279,0.599,0.0115,0.183,0.255,130.97,307880
431,0.486,0.617,5,-7.115,0,0.0287,0.0954,3.23e-06,0.109,0.417,138.015,242373
432,0.445,0.59,9,-6.747,1,0.0258,0.0575,1.08e-05,0.0832,0.334,172.016,237547
433,0.768,0.852,4,-6.215,1,0.038,0.213,7.45e-05,0.0723,0.867,128.374,271240
434,0.365,0.513,7,-13.034,0,0.0357,0.0208,0.000147,0.205,0.739,80.647,331200
435,0.485,0.731,11,-8.789,0,0.0925,0.00109,0.00108,0.162,0.831,117.022,235520
436,0.546,0.931,0,-3.025,0,0.0507,0.0295,1.67e-05,0.366,0.527,120.01,224600
437,0.796,0.43,4,-8.994,1,0.0325,0.0869,0.000343,0.0776,0.559,108.959,258000
438,0.422,0.812,0,-4.527,1,0.0356,0.0174,9.57e-06,0.136,0.434,200.107,254307
439,0.778,0.824,10,-5.892,0,0.0707,0.284,0.0,0.405,0.758,100.024,218093
440,0.545,0.675,6,-6.474,1,0.0279,0.00617,0.00197,0.209,0.162,124.97,267867
441,0.691,0.464,1,-13.038,0,0.114,0.253,3.65e-06,0.113,0.433,173.908,162759
442,0.584,0.746,8,-6.885,0,0.0346,0.0159,7.58e-05,0.128,0.568,82.035,198299
443,0.367,0.452,10,-10.422,1,0.0307,0.0353,0.00228,0.689,0.189,113.066,520787
444,0.862,0.432,0,-10.105,1,0.0404,0.51,6.68e-05,0.0948,0.728,129.048,244507
445,0.469,0.938,10,-7.011,1,0.0612,0.000108,0.0015,0.091,0.352,125.144,262200
446,0.611,0.683,0,-9.872,1,0.426,0.0535,4.23e-06,0.0378,0.65,133.149,188907
447,0.562,0.609,3,-7.063,0,0.0271,0.0264,0.0,0.17,0.512,130.753,200213
448,0.737,0.741,7,-6.294,1,0.0833,0.0135,0.0,0.0654,0.711,122.985,228066
449,0.561,0.85,5,-5.14,1,0.0585,0.00268,0.0,0.319,0.756,96.218,255094
450,0.775,0.559,6,-8.377,0,0.088,0.108,0.0,0.0945,0.804,122.229,230733
451,0.414,0.404,0,-9.928,0,0.0499,0.271,0.0,0.3,0.224,71.105,354320
452,0.543,0.87,9,-6.514,1,0.0428,0.358,0.000939,0.792,0.754,100.804,230400
453,0.412,0.902,9,-11.6,1,0.405,0.0484,0.131,0.405,0.422,89.74,333893
454,0.979,0.792,2,-2.784,1,0.0388,0.0025,7.71e-06,0.102,0.583,116.012,254467
455,0.92,0.654,11,-3.051,0,0.0401,0.0236,0.0158,0.0359,0.847,117.046,293827
456,0.777,0.818,11,-5.64,1,0.0462,0.0906,2.98e-05,0.714,0.847,118.405,312413
457,0.732,0.658,10,-12.118,1,0.0256,0.102,0.00654,0.0689,0.972,108.984,236693
458,0.685,0.858,8,-6.496,1,0.0348,0.104,0.000119,0.147,0.692,92.305,229467
459,0.711,0.74,10,-7.776,0,0.0361,0.258,0.0111,0.104,0.639,143.053,231480
460,0.567,0.803,5,-7.345,1,0.128,0.0336,0.000164,0.728,0.661,156.395,209653
461,0.438,0.71,2,-12.412,1,0.0919,0.262,0.537,0.221,0.53,145.928,210373
462,0.59,0.705,0,-6.062,1,0.0382,0.0928,0.00146,0.056,0.803,120.874,203120
463,0.451,0.939,5,-2.82,0,0.0512,0.00673,4.85e-06,0.0774,0.448,93.416,204200
464,0.801,0.876,8,-3.94,0,0.0446,0.144,1.38e-05,0.104,0.932,122.98,211893
465,0.645,0.798,1,-8.239,0,0.0906,0.0124,1.1e-05,0.0223,0.649,97.747,229880
466,0.933,0.528,5,-6.472,0,0.161,0.112,0.312,0.163,0.754,109.967,214653
467,0.617,0.533,3,-11.516,0,0.0651,0.0891,4.04e-06,0.0415,0.835,158.86,244707
468,0.796,0.729,11,-6.94,1,0.0488,0.082,0.0,0.302,0.578,111.496,278760
469,0.822,0.969,7,-11.471,0,0.0582,0.259,0.000162,0.39,0.765,128.007,283748
470,0.683,0.772,7,-7.907,0,0.0311,0.0222,0.0149,0.203,0.737,123.871,270373
471,0.518,0.51,0,-8.057,0,0.0352,0.476,0.0,0.292,0.651,144.543,153880
472,0.606,0.847,10,-5.96,1,0.403,0.00553,0.00169,0.819,0.483,126.257,169427
473,0.822,0.922,11,-5.798,0,0.0989,0.0291,0.325,0.252,0.568,163.826,306333
474,0.748,0.771,2,-7.01,1,0.0318,0.28,0.000333,0.466,0.782,137.543,215110
475,0.49,0.725,10,-3.304,1,0.0392,0.123,2.68e-05,0.0983,0.335,123.28,240440
476,0.597,0.501,7,-8.956,1,0.101,0.371,0.0,0.15,0.712,143.497,166360
477,0.692,0.497,2,-7.316,1,0.119,0.676,0.0,0.259,0.475,81.308,122067
478,0.395,0.948,4,-6.98,1,0.0631,0.00352,3.47e-05,0.327,0.547,121.742,279360
479,0.686,0.398,10,-12.527,0,0.0394,0.00526,0.000724,0.115,0.34,137.938,182267
480,0.613,0.697,2,-8.618,1,0.133,0.0194,0.0,0.332,0.476,122.746,320357
481,0.775,0.743,11,-5.037,0,0.106,0.115,0.0,0.123,0.768,104.992,228707
482,0.967,0.583,7,-5.562,0,0.0789,0.0584,0.0,0.0519,0.964,117.0,242733
483,0.451,0.931,9,-3.871,1,0.0719,0.00076,0.0049,0.361,0.172,122.961,302840
484,0.596,0.823,1,-4.586,1,0.134,0.0115,0.0,0.0658,0.619,174.056,257053
485,0.449,0.585,5,-6.761,1,0.0268,0.0509,8.75e-05,0.0833,0.212,139.631,278719
486,0.576,0.86,8,-3.913,1,0.0394,0.000875,0.0,0.316,0.594,87.461,196093
487,0.657,0.695,2,-4.493,1,0.0321,0.0108,0.0,0.0822,0.683,65.997,212107
488,0.652,0.698,10,-4.667,0,0.042,0.00112,0.000115,0.0886,0.47,96.021,202067
489,0.722,0.761,11,-4.459,0,0.0475,0.0117,0.0,0.315,0.624,128.044,201493
490,0.597,0.868,7,-5.095,1,0.0526,0.0212,0.0,0.664,0.709,160.021,221893
491,0.624,0.654,8,-6.582,0,0.183,0.577,0.0,0.104,0.564,73.898,288333
492,0.687,0.723,7,-4.751,1,0.0709,0.122,0.00102,0.573,0.432,76.0,448573
493,0.644,0.945,7,-3.534,1,0.0717,0.0587,0.0,0.184,0.573,91.017,219560
494,0.528,0.965,11,-7.984,0,0.0465,0.141,0.985,0.0797,0.587,136.065,225493
495,0.646,0.795,9,-3.293,1,0.0976,0.0319,0.0,0.267,0.796,89.99,210960
496,0.745,0.756,4,-4.749,1,0.0429,0.021,0.0,0.356,0.495,109.999,231467
497,0.529,0.948,0,-3.527,1,0.0474,0.258,9.35e-06,0.283,0.65,146.024,238000
498,0.608,0.86,5,-5.324,0,0.0554,0.0991,0.0,0.262,0.437,127.075,232947
499,0.427,0.9,11,-3.674,1,0.0499,0.116,1.75e-05,0.119,0.599,104.655,334667
500,0.414,0.404,0,-9.928,0,0.0499,0.271,0.0,0.3,0.224,71.105,354320
501,0.643,0.909,11,-8.467,0,0.0965,0.233,0.0,0.0809,0.818,102.202,209733
502,0.692,0.711,0,-7.498,0,0.0317,0.225,0.0,0.12,0.875,125.135,216933
503,0.916,0.72,0,-8.548,1,0.1,0.36,0.00016,0.0958,0.76,103.312,237000
504,0.367,0.452,10,-10.422,1,0.0307,0.0353,0.00228,0.689,0.189,113.066,520787
505,0.636,0.72,5,-6.504,1,0.0387,0.00722,0.000398,0.139,0.801,130.948,212867
506,0.547,0.257,0,-12.358,1,0.0252,0.907,0.183,0.0935,0.169,75.752,187867
507,0.564,0.774,1,-9.424,1,0.0368,0.0135,0.00191,0.0861,0.657,100.894,277477
508,0.699,0.83,1,-4.898,1,0.0633,0.00243,0.00024,0.0995,0.889,105.809,219413
509,0.82,0.452,1,-9.796,1,0.0348,0.543,0.00294,0.0714,0.74,117.401,253920
510,0.654,0.743,10,-7.44,0,0.0605,0.0125,0.0272,0.153,0.632,114.846,457676
511,0.404,0.43,4,-12.327,1,0.224,0.538,0.0,0.0802,0.641,180.061,148053
512,0.404,0.523,4,-15.7,1,0.0575,0.685,0.000498,0.282,0.164,133.738,366640
513,0.556,0.769,5,-9.438,1,0.165,0.0557,0.00102,0.59,0.651,156.518,210600
514,0.742,0.533,0,-9.098,1,0.0288,0.459,0.148,0.064,0.391,97.395,329147
515,0.69,0.54,4,-10.516,1,0.0317,0.218,0.00657,0.115,0.764,114.846,222733
516,0.543,0.87,9,-6.514,1,0.0428,0.358,0.000939,0.792,0.754,100.804,230400
517,0.729,0.989,9,-4.613,0,0.049,0.0102,4.45e-05,0.443,0.84,126.47,352906
518,0.857,0.468,1,-8.53,1,0.0476,0.00414,1.32e-05,0.269,0.843,89.119,183733
519,0.542,0.91,7,-8.924,1,0.0873,0.00228,0.00524,0.0686,0.775,101.774,173320
520,0.692,0.651,9,-8.267,1,0.0324,0.292,0.00241,0.105,0.706,97.923,254560
521,0.582,0.606,6,-9.961,1,0.0289,0.124,0.00139,0.151,0.504,111.441,234493
522,0.658,0.714,11,-9.247,1,0.0519,0.0294,5.7e-05,0.651,0.806,117.283,265600
523,0.693,0.353,0,-17.852,1,0.0414,0.0704,0.00113,0.503,0.75,104.143,228587
524,0.64,0.565,7,-9.381,1,0.0378,0.414,0.000709,0.193,0.612,131.21,232947
525,0.446,0.239,0,-13.945,1,0.0316,0.551,4.1e-06,0.0697,0.298,189.507,336453
526,0.784,0.713,0,-6.865,1,0.0339,0.447,0.14,0.0904,0.97,115.443,220560
527,0.486,0.449,5,-10.298,1,0.0267,0.166,2.23e-06,0.54,0.549,100.456,254293
528,0.814,0.482,9,-10.493,1,0.0588,0.0111,1.57e-06,0.0476,0.615,148.404,180267
529,0.584,0.776,0,-5.495,1,0.0358,0.267,0.0,0.112,0.608,112.139,281040
530,0.752,0.307,9,-17.063,1,0.0398,0.332,0.000135,0.0829,0.854,106.158,194173
531,0.462,0.632,5,-7.438,1,0.0248,0.091,0.0,0.397,0.585,74.268,238854
532,0.632,0.683,7,-6.434,1,0.0383,0.163,0.00013,0.847,0.701,105.955,197213
533,0.682,0.375,5,-10.308,1,0.0347,0.418,5.75e-06,0.0984,0.226,82.187,337493
534,0.508,0.834,2,-6.205,1,0.0386,0.0183,0.0,0.0732,0.774,139.131,216053
535,0.592,0.355,9,-14.051,1,0.0352,0.478,0.0,0.0585,0.499,133.032,216773
536,0.514,0.34,0,-12.779,1,0.0537,0.00142,0.0173,0.213,0.269,145.992,300827
537,0.574,0.628,2,-8.815,0,0.036,0.13,0.0,0.271,0.803,153.119,300107
538,0.7,0.816,7,-9.711,0,0.044,0.00115,0.00123,0.0901,0.838,113.244,375400
539,0.933,0.528,5,-6.472,0,0.161,0.112,0.312,0.163,0.754,109.967,214653
540,0.756,0.401,7,-10.702,0,0.0526,0.582,0.011,0.0541,0.514,101.954,199396
541,0.729,0.78,5,-7.604,1,0.0631,0.114,0.106,0.0759,0.795,111.833,274000
542,0.407,0.372,4,-14.554,1,0.0338,0.106,0.00221,0.208,0.515,133.461,156067
543,0.8,0.878,1,-7.109,1,0.0434,0.189,0.000104,0.14,0.816,104.282,280853
544,0.795,0.564,7,-10.482,1,0.0392,0.0934,0.000531,0.0631,0.961,124.166,203893
545,0.731,0.91,9,-4.559,0,0.0918,0.11,0.000447,0.313,0.886,120.991,209160
546,0.724,0.346,3,-11.256,0,0.0366,0.199,0.0,0.111,0.637,117.188,196707
547,0.435,0.652,0,-8.495,1,0.0404,0.519,0.0,0.129,0.806,108.098,273933
548,0.711,0.292,4,-15.523,0,0.037,0.313,0.0,0.131,0.194,103.951,296800
549,0.748,0.603,1,-12.044,1,0.043,0.15,0.000261,0.0269,0.827,108.831,258667
550,0.601,0.532,10,-9.119,1,0.0286,0.432,6.25e-06,0.0925,0.341,136.571,281613
551,0.756,0.687,11,-7.76,0,0.0435,0.064,0.0,0.25,0.914,106.247,178093
552,0.31,0.403,0,-13.664,1,0.0326,0.0726,9.27e-05,0.139,0.466,134.48,318027
553,0.603,0.886,0,-7.301,0,0.0465,0.0418,0.000171,0.295,0.727,114.045,249600
554,0.286,0.473,1,-15.646,0,0.0388,0.115,4.23e-05,0.071,0.449,99.233,345840
555,0.49,0.725,10,-3.304,1,0.0392,0.123,2.68e-05,0.0983,0.335,123.28,240440
556,0.898,0.271,7,-12.238,1,0.091,0.0135,0.00138,0.0461,0.742,111.485,226240
557,0.66,0.816,2,-6.61,1,0.0299,0.168,0.0181,0.0608,0.678,111.346,263040
558,0.725,0.523,10,-9.593,1,0.324,0.0783,0.0,0.0665,0.95,76.292,172933
559,0.694,0.831,9,-7.288,1,0.0301,0.165,0.000892,0.25,0.98,125.901,215080
560,0.807,0.414,4,-8.903,1,0.0352,0.105,2.57e-05,0.0813,0.502,108.944,223080
561,0.885,0.664,1,-11.795,1,0.0524,0.145,0.0483,0.0767,0.906,121.632,298867
562,0.497,0.349,7,-14.0,1,0.0297,0.0929,0.028,0.259,0.421,113.762,365627
563,0.851,0.406,1,-11.631,1,0.0661,0.219,6.41e-06,0.0853,0.792,97.84,226880
564,0.538,0.969,11,-5.626,0,0.0906,0.417,0.00154,0.119,0.928,138.652,165790
565,0.731,0.738,9,-8.125,0,0.0377,0.184,0.0,0.214,0.958,117.656,236920
566,0.887,0.48,11,-11.994,1,0.117,0.0094,3.58e-05,0.0662,0.607,95.846,193200
567,0.388,0.338,10,-10.054,1,0.0329,0.652,3.73e-06,0.248,0.478,177.765,303373
568,0.805,0.602,0,-9.7,0,0.0579,0.119,0.000122,0.0581,0.744,94.382,238600
569,0.618,0.748,0,-8.905,1,0.358,0.0384,4.1e-06,0.0473,0.663,134.114,191947
570,0.887,0.904,5,-5.107,0,0.0703,0.079,0.0101,0.0165,0.89,107.955,244827
571,0.583,0.614,5,-10.312,1,0.0643,0.16,0.234,0.109,0.456,80.747,278227
572,0.406,0.698,8,-7.024,1,0.0624,0.186,0.0,0.233,0.333,109.266,296480
573,0.877,0.422,10,-14.933,0,0.0546,0.0398,0.000395,0.182,0.97,131.105,307933
574,0.434,0.563,11,-6.784,1,0.0268,0.0197,0.000824,0.128,0.275,104.183,235373
575,0.547,0.831,11,-11.298,0,0.0319,0.0874,8.34e-06,0.222,0.909,168.581,241400
576,0.728,0.878,11,-6.926,0,0.0564,0.176,0.856,0.61,0.911,126.59,262613
577,0.589,0.384,10,-15.075,0,0.0332,0.112,2.8e-05,0.0596,0.354,132.909,256427
578,0.766,0.772,0,-9.362,1,0.0353,0.403,0.0584,0.183,0.919,128.168,220893
579,0.751,0.703,9,-5.687,1,0.0287,0.368,0.00123,0.196,0.907,97.931,185960
580,0.653,0.652,7,-9.304,0,0.0427,0.13,1.58e-05,0.202,0.846,115.388,248360
581,0.526,0.515,9,-11.169,1,0.0389,0.169,0.000816,0.181,0.518,136.543,234493
582,0.617,0.748,9,-9.123,0,0.0357,0.00746,0.0,0.304,0.969,116.828,393960
583,0.804,0.688,0,-5.893,0,0.0632,0.0662,0.000112,0.0392,0.942,123.002,228267
584,0.805,0.558,0,-5.226,1,0.041,0.164,2.2e-05,0.0546,0.965,114.95,147600
585,0.671,0.373,9,-18.064,1,0.0323,0.257,8.01e-05,0.0481,0.732,92.718,295893
586,0.898,0.365,0,-10.452,1,0.0462,0.159,9.28e-06,0.132,0.563,98.53,226240
587,0.625,0.758,5,-6.213,0,0.0463,0.512,0.00022,0.153,0.695,119.719,251253
588,0.685,0.571,2,-11.623,1,0.0299,0.335,2.38e-06,0.214,0.869,121.737,184173
589,0.472,0.373,3,-12.98,1,0.0262,0.872,0.206,0.147,0.459,135.193,288267
590,0.756,0.61,5,-13.002,1,0.0709,0.0806,7.89e-05,0.114,0.863,173.818,189093
591,0.577,0.808,1,-7.04,0,0.039,0.0338,1.33e-05,0.221,0.869,151.008,290280
592,0.5,0.501,0,-8.284,0,0.0376,0.462,0.0,0.26,0.623,144.438,153800
593,0.666,0.583,6,-13.698,0,0.0284,4.53e-05,0.286,0.0772,0.746,114.851,209907
594,0.588,0.656,3,-6.373,1,0.0224,0.378,0.00227,0.042,0.746,79.701,212933
595,0.866,0.73,5,-8.201,1,0.0767,0.137,0.0,0.0843,0.625,118.523,379267
596,0.429,0.594,4,-6.251,1,0.0277,0.156,4.95e-06,0.1,0.236,150.22,265000
597,0.58,0.381,2,-13.455,0,0.0404,0.0505,0.0,0.126,0.384,129.214,168293
598,0.705,0.524,3,-14.051,1,0.026,0.236,1.3e-05,0.0767,0.798,129.847,232667
599,0.554,0.315,3,-11.028,1,0.0298,0.828,5.53e-06,0.101,0.325,128.157,241787
600,0.775,0.553,6,-8.371,0,0.102,0.106,0.0,0.0518,0.753,122.232,232200
601,0.79,0.564,10,-7.758,0,0.0536,0.00529,7.21e-05,0.0458,0.637,128.993,298507
602,0.916,0.72,0,-8.548,1,0.1,0.36,0.00016,0.0958,0.76,103.312,237000
603,0.932,0.462,9,-8.664,1,0.284,0.137,7.91e-06,0.0654,0.749,124.122,257440
604,0.826,0.49,9,-10.477,1,0.0676,0.00916,4.41e-06,0.0415,0.627,74.126,180267
605,0.806,0.623,8,-7.215,1,0.119,0.338,0.000984,0.0834,0.953,79.018,355013
606,0.751,0.463,9,-10.96,1,0.104,0.642,0.208,0.0314,0.926,150.191,330760
607,0.937,0.535,11,-8.955,0,0.12,0.0129,6.49e-05,0.0281,0.909,123.289,200200
608,0.666,0.259,0,-10.721,1,0.04,0.585,0.0,0.079,0.698,116.082,227840
609,0.649,0.673,1,-9.35,1,0.0638,0.249,0.0351,0.726,0.587,78.535,427800
610,0.723,0.55,10,-8.719,1,0.322,0.0297,0.0,0.0427,0.903,76.578,172813
611,0.853,0.697,0,-7.41,1,0.0373,0.282,4.42e-05,0.121,0.96,109.419,321600
612,0.786,0.784,7,-4.951,1,0.0608,0.452,0.0477,0.0791,0.812,91.053,320280
613,0.957,0.217,8,-14.626,1,0.0595,0.116,0.0408,0.0795,0.771,102.073,231733
614,0.754,0.73,5,-8.412,1,0.0756,0.111,2.91e-05,0.0985,0.869,173.638,189733
615,0.857,0.468,1,-8.53,1,0.0476,0.00414,1.32e-05,0.269,0.843,89.119,183733
616,0.797,0.574,10,-7.268,1,0.373,0.229,0.0,0.0602,0.814,78.183,197573
617,0.797,0.644,8,-9.253,1,0.188,0.338,6.51e-05,0.0592,0.706,96.87,280467
618,0.841,0.669,10,-7.536,0,0.106,0.0516,0.0,0.163,0.919,147.992,310733
619,0.75,0.474,6,-10.641,0,0.243,0.0497,0.0013,0.0896,0.425,164.889,387307
620,0.762,0.569,4,-7.863,0,0.0544,0.0143,1.45e-05,0.0793,0.789,136.462,247973
621,0.714,0.791,9,-7.082,0,0.212,0.159,0.0,0.0524,0.705,145.19,279813
622,0.781,0.722,7,-8.376,1,0.0667,0.236,0.000398,0.077,0.533,87.858,229375
623,0.787,0.728,0,-7.705,1,0.218,0.0124,0.0,0.157,0.94,173.026,227067
624,0.64,0.814,2,-9.815,1,0.0384,0.044,0.00296,0.116,0.82,172.452,208467
625,0.766,0.727,10,-11.197,0,0.0429,0.186,0.112,0.0733,0.956,100.016,271467
626,0.819,0.445,9,-12.421,0,0.0491,0.00236,0.0008,0.0849,0.792,150.127,341400
627,0.785,0.685,2,-7.685,1,0.0393,0.0869,0.000497,0.21,0.904,101.066,261733
628,0.74,0.766,6,-2.939,1,0.178,0.116,0.0,0.0406,0.807,170.531,235133
629,0.854,0.793,2,-8.25,1,0.25,0.238,1.27e-05,0.356,0.796,158.554,250200
630,0.853,0.606,0,-4.596,1,0.0713,0.0561,0.0,0.313,0.654,94.759,227600
631,0.736,0.604,7,-11.026,1,0.163,0.0103,5.98e-05,0.13,0.685,172.959,337800
632,0.724,0.706,7,-10.359,1,0.458,0.0286,0.0,0.333,0.795,126.423,231867
633,0.801,0.513,0,-8.992,1,0.324,0.15,7.59e-06,0.108,0.699,137.81,236640
634,0.774,0.614,4,-9.853,0,0.32,0.0752,0.0,0.0989,0.53,179.874,237533
635,0.687,0.544,3,-8.642,1,0.162,0.477,0.0,0.0937,0.742,72.082,273040
636,0.713,0.574,9,-8.457,0,0.288,0.105,0.0,0.101,0.711,89.194,241653
637,0.646,0.738,7,-5.827,0,0.213,0.197,0.0,0.336,0.622,68.816,243307
638,0.711,0.72,4,-6.764,0,0.322,0.55,0.0,0.113,0.573,83.466,217960
639,0.696,0.837,0,-5.034,0,0.118,0.0647,0.0,0.113,0.916,153.294,246453
640,0.622,0.467,10,-11.454,0,0.295,0.121,0.0,0.153,0.778,137.722,357027
641,0.648,0.758,9,-7.848,1,0.435,0.118,0.0,0.306,0.755,96.983,205093
642,0.826,0.704,7,-5.432,0,0.322,0.0218,0.0,0.292,0.786,76.635,213387
643,0.592,0.697,1,-6.313,1,0.237,0.0996,0.0,0.101,0.464,93.234,317120
644,0.733,0.718,0,-4.996,1,0.242,0.0266,0.0,0.721,0.502,81.384,361067
645,0.565,0.837,0,-6.053,1,0.404,0.308,0.0,0.491,0.57,121.414,304187
646,0.759,0.834,6,-5.162,1,0.112,0.163,0.0,0.206,0.775,92.01,304707
647,0.717,0.595,10,-5.632,0,0.263,0.105,1.03e-05,0.0817,0.634,185.024,294290
648,0.66,0.603,9,-5.816,0,0.438,0.0371,0.0,0.174,0.687,122.161,225333
649,0.799,0.634,1,-7.136,0,0.371,0.448,0.0,0.0681,0.723,94.884,220172
650,0.828,0.709,1,-4.55,1,0.178,0.0338,1.68e-06,0.329,0.817,99.789,254212
651,0.657,0.875,10,-2.966,0,0.306,0.021,0.0,0.113,0.676,77.052,283013
652,0.7,0.535,6,-5.474,0,0.0922,0.0344,0.0,0.0604,0.731,135.828,220387
653,0.714,0.718,0,-7.79,1,0.0372,0.00537,0.881,0.083,0.939,89.934,213587
654,0.807,0.458,9,-9.594,0,0.0361,0.211,9.01e-06,0.0839,0.874,100.959,220413
655,0.911,0.565,9,-6.209,0,0.0718,0.429,0.0,0.0802,0.751,96.012,185312
656,0.788,0.762,9,-4.911,0,0.193,0.0515,0.0,0.274,0.792,90.956,233533
657,0.789,0.843,0,-4.505,0,0.199,0.099,0.0,0.18,0.961,76.697,211302
658,0.719,0.656,11,-6.155,0,0.308,0.313,0.0,0.514,0.774,87.214,217120
659,0.59,0.704,5,-5.0,0,0.162,0.282,0.0,0.262,0.528,91.472,252440
660,0.703,0.577,1,-10.743,1,0.106,0.0422,0.194,0.323,0.67,174.885,183240
661,0.885,0.629,11,-9.2,0,0.219,0.0308,0.0,0.111,0.847,154.027,207000
662,0.717,0.446,8,-5.747,0,0.0665,0.427,5.45e-05,0.106,0.693,131.07,469733
663,0.887,0.557,8,-9.064,1,0.0484,0.16,1.08e-05,0.0679,0.904,146.047,225213
664,0.796,0.669,6,-6.333,0,0.0911,0.107,0.000113,0.0891,0.96,147.374,294000
665,0.756,0.564,11,-4.977,0,0.211,0.186,0.0,0.21,0.723,145.991,254587
666,0.779,0.819,4,-3.495,0,0.0611,0.0336,0.0,0.355,0.554,74.007,190960
667,0.346,0.61,0,-5.818,1,0.15,0.198,0.0,0.117,0.235,68.552,207573
668,0.697,0.859,5,-5.306,0,0.19,0.0349,0.0,0.0931,0.696,93.78,222387
669,0.799,0.653,8,-6.307,1,0.267,0.435,0.0,0.105,0.909,176.081,240253
670,0.531,0.513,8,-10.309,1,0.0431,0.0729,0.0,0.305,0.629,80.79,195466
671,0.771,0.633,9,-5.732,0,0.104,0.0213,3.14e-05,0.0522,0.856,170.156,262627
672,0.72,0.519,8,-7.11,1,0.0962,0.147,0.0,0.0943,0.815,83.782,231800
673,0.632,0.606,7,-5.463,1,0.289,0.0409,0.0,0.0534,0.62,168.195,222960
674,0.706,0.669,1,-10.327,1,0.369,0.207,0.0,0.0561,0.876,93.118,215467
675,0.822,0.424,11,-4.5,1,0.0513,0.303,2.52e-06,0.208,0.56,82.596,246453
676,0.875,0.792,7,-11.553,1,0.0378,0.329,0.00475,0.0837,0.994,133.302,217453
677,0.798,0.7,8,-12.105,0,0.055,0.0324,0.00341,0.131,0.875,135.123,347867
678,0.842,0.547,4,-11.87,0,0.106,0.00394,0.00314,0.0808,0.722,131.383,308760
679,0.742,0.45,0,-13.333,1,0.0569,0.604,0.0,0.107,0.964,137.914,228867
680,0.785,0.42,6,-11.355,0,0.264,0.441,7.25e-06,0.0574,0.936,88.131,191893
681,0.735,0.632,0,-5.23,0,0.0409,0.565,0.00686,0.416,0.872,118.471,151600
682,0.819,0.395,3,-8.946,1,0.114,0.278,0.00056,0.121,0.891,87.276,126293
683,0.681,0.721,7,-5.345,1,0.201,0.409,2.36e-06,0.28,0.737,81.875,388493
684,0.764,0.689,6,-10.797,0,0.0518,0.0688,0.0,0.0534,0.965,141.613,232067
685,0.731,0.52,8,-11.409,0,0.12,0.158,0.00224,0.42,0.888,132.744,119200
686,0.673,0.698,4,-6.072,0,0.159,0.13,0.0,0.3,0.389,90.963,250053
687,0.742,0.904,11,-3.922,0,0.0602,0.0418,5.2e-05,0.407,0.821,112.034,252053
688,0.773,0.759,9,-3.777,0,0.0723,0.0455,0.0,0.188,0.707,93.017,203213
689,0.749,0.827,10,-5.451,1,0.144,0.304,0.0,0.372,0.7,120.02,182613
690,0.707,0.762,7,-5.186,1,0.155,0.235,0.0,0.151,0.749,88.006,275587
691,0.817,0.949,10,-3.17,0,0.16,0.552,0.0,0.13,0.965,168.1,159177
692,0.596,0.923,10,-2.574,0,0.19,0.245,0.0,0.222,0.609,104.666,222999
693,0.457,0.886,7,-5.532,0,0.289,0.196,0.0,0.596,0.645,77.757,309931
694,0.714,0.731,4,-6.34,0,0.298,0.0699,0.0,0.148,0.909,80.026,232027
695,0.763,0.742,6,-10.975,0,0.188,0.0984,0.0,0.38,0.483,98.145,268910
696,0.797,0.725,2,-7.281,1,0.304,0.207,0.0,0.126,0.563,95.007,183187
697,0.743,0.878,4,-5.826,0,0.308,0.0486,0.0,0.204,0.677,180.154,222667
698,0.648,0.74,10,-6.482,0,0.196,0.0974,0.0,0.225,0.518,82.9,243453
699,0.812,0.698,2,-4.853,0,0.0978,0.0746,0.0,0.158,0.689,90.016,218480
700,0.841,0.896,9,-4.292,1,0.0457,0.0922,0.0,0.323,0.719,121.057,194520
701,0.729,0.876,6,-3.818,0,0.0679,0.11,0.000715,0.301,0.674,92.993,172907
702,0.746,0.993,2,-2.134,0,0.0499,0.0866,0.0548,0.0689,0.972,122.046,202827
703,0.699,0.91,4,-4.405,0,0.036,0.217,2.66e-06,0.146,0.792,97.971,239920
704,0.76,0.893,10,-3.913,0,0.0639,0.0758,8.21e-05,0.321,0.948,107.994,218507
705,0.594,0.687,10,-5.808,0,0.219,0.00597,0.0,0.0843,0.773,120.036,214787
706,0.76,0.899,5,-4.744,1,0.0677,0.0743,0.0,0.212,0.767,100.046,209493
707,0.829,0.878,9,-5.951,1,0.101,0.0959,0.0,0.776,0.883,87.991,239307
708,0.817,0.723,11,-7.37,1,0.0455,0.116,0.0,0.375,0.827,97.007,210547
709,0.881,0.894,6,-5.802,1,0.125,0.19,0.0,0.109,0.694,119.948,202880
710,0.868,0.764,4,-6.574,0,0.167,0.119,0.00143,0.0918,0.397,96.994,263293
711,0.798,0.814,7,-6.153,1,0.0542,0.101,5.41e-06,0.181,0.524,95.007,227467
712,0.677,0.812,9,-5.755,0,0.032,0.284,0.0,0.261,0.354,95.018,246160
713,0.887,0.701,4,-5.892,0,0.0872,0.106,0.00948,0.0466,0.965,110.002,315293
714,0.675,0.921,4,-6.083,1,0.0365,0.0466,0.00618,0.117,0.7,97.01,252493
715,0.763,0.616,4,-12.101,0,0.0552,0.0136,0.000411,0.116,0.471,94.015,188919
716,0.8,0.669,1,-12.898,1,0.0546,0.19,2.35e-05,0.0609,0.721,117.015,188238
717,0.806,0.887,6,-3.51,1,0.0909,0.0407,2.03e-05,0.364,0.443,117.031,217227
718,0.802,0.709,7,-6.635,1,0.0856,0.123,0.0,0.0676,0.506,95.03,192040
719,0.859,0.895,0,-3.899,1,0.0984,0.245,3.84e-06,0.162,0.832,100.001,202633
720,0.82,0.788,6,-5.478,0,0.191,0.272,1.65e-06,0.0404,0.648,93.961,195573
721,0.815,0.757,10,-6.16,0,0.039,0.382,3.28e-06,0.147,0.734,104.986,209680
722,0.617,0.771,10,-5.586,0,0.112,0.0384,3.32e-06,0.162,0.553,180.002,267747
723,0.828,0.944,7,-4.083,0,0.0642,0.237,0.0,0.0588,0.786,109.911,170293
724,0.806,0.804,6,-4.84,0,0.146,0.0615,0.0,0.115,0.766,88.018,190311
725,0.77,0.79,10,-5.453,0,0.0814,0.139,0.0,0.0829,0.872,93.97,195453
726,0.763,0.76,0,-4.672,1,0.0596,0.0392,0.0,0.133,0.916,163.969,211888
727,0.796,0.791,1,-5.245,1,0.0958,0.126,0.0,0.0784,0.876,93.986,286435
728,0.79,0.631,8,-5.549,0,0.0425,0.437,0.0,0.158,0.889,94.039,190005
729,0.826,0.773,11,-4.218,0,0.0524,0.323,0.0,0.143,0.761,126.899,238200
730,0.699,0.917,0,-4.897,1,0.115,0.078,0.0,0.065,0.889,130.04,198787
731,0.748,0.565,7,-5.895,1,0.0476,0.164,0.00169,0.103,0.812,175.92,193227
732,0.832,0.772,10,-5.429,1,0.1,0.0559,0.000486,0.44,0.704,96.016,209453
733,0.673,0.752,2,-3.572,0,0.0561,0.241,4.51e-05,0.0813,0.797,175.997,201818
734,0.69,0.71,5,-5.144,1,0.335,0.25,0.0,0.108,0.726,192.068,200747
735,0.608,0.753,0,-4.748,0,0.368,0.103,0.0,0.0996,0.482,97.626,200987
736,0.855,0.664,9,-7.11,0,0.0607,0.165,3.97e-05,0.0937,0.626,98.015,226800
737,0.739,0.821,1,-4.233,1,0.0852,0.222,9.6e-06,0.311,0.693,171.077,188080
738,0.664,0.748,5,-3.718,0,0.0628,0.0889,0.0,0.0899,0.735,170.107,219000
739,0.909,0.493,3,-6.688,1,0.0735,0.128,0.000147,0.127,0.844,94.016,197120
740,0.637,0.863,8,-3.619,1,0.0728,0.479,0.0,0.231,0.972,84.951,185078
741,0.889,0.77,9,-5.674,1,0.167,0.0855,0.0,0.0967,0.935,96.025,172375
742,0.816,0.754,11,-2.75,0,0.111,0.0361,0.0,0.217,0.533,99.966,158400
743,0.799,0.69,7,-7.252,1,0.1,0.282,0.001,0.143,0.682,106.034,352442
744,0.746,0.7,0,-4.669,1,0.341,0.136,0.000159,0.11,0.619,176.044,225933
745,0.869,0.783,7,-4.234,1,0.0638,0.0919,7.57e-06,0.131,0.891,95.996,240587
746,0.795,0.783,5,-4.271,1,0.0432,0.361,0.0,0.437,0.799,92.01,266087
747,0.746,0.63,6,-4.453,0,0.0863,0.127,0.0,0.141,0.843,174.044,213793
748,0.793,0.911,10,-5.914,0,0.0764,0.0809,0.0,0.331,0.932,129.007,212400
749,0.688,0.62,11,-8.029,0,0.22,0.753,5.32e-06,0.157,0.727,170.011,360960
750,0.684,0.811,7,-4.494,1,0.0714,0.161,0.000363,0.0871,0.721,87.866,250840
751,0.769,0.838,2,-5.238,1,0.0633,0.16,0.0,0.0935,0.602,93.996,249609
752,0.775,0.867,5,-1.582,0,0.0414,0.0132,0.00684,0.278,0.869,96.038,265747
753,0.548,0.704,11,-4.838,0,0.0777,0.0168,2.25e-05,0.143,0.288,104.666,185040
754,0.774,0.774,9,-4.19,1,0.0516,0.233,7.76e-05,0.138,0.489,95.998,222302
755,0.81,0.756,2,-6.07,1,0.0969,0.245,0.0,0.358,0.919,105.005,212693
756,0.778,0.824,10,-5.892,0,0.0707,0.284,0.0,0.405,0.758,100.024,218093
757,0.681,0.648,1,-5.021,0,0.38,0.523,0.0,0.104,0.688,172.02,286507
758,0.816,0.733,0,-6.587,1,0.0448,0.124,0.0,0.0812,0.571,93.022,222483
759,0.786,0.808,7,-3.702,1,0.0882,0.0846,0.000289,0.0822,0.609,105.027,301714
760,0.725,0.79,0,-2.331,1,0.197,0.0711,1.14e-06,0.0602,0.763,175.988,287773
761,0.774,0.654,1,-6.932,1,0.234,0.192,0.0,0.303,0.846,166.001,477675
762,0.885,0.857,0,-2.279,0,0.204,0.205,0.0,0.671,0.818,90.025,262000
763,0.639,0.791,10,-4.443,0,0.253,0.0275,0.0,0.362,0.939,92.603,222347
764,0.882,0.689,6,-4.027,1,0.124,0.39,0.00325,0.0501,0.746,97.963,161627
765,0.803,0.715,2,-3.28,1,0.298,0.295,0.000134,0.0574,0.574,101.085,200960
766,0.655,0.672,0,-5.98,0,0.311,0.471,0.0,0.0767,0.343,181.877,249520
767,0.817,0.665,9,-6.224,0,0.0758,0.0549,0.0,0.103,0.662,104.957,215460
768,0.842,0.801,8,-4.167,0,0.228,0.157,4.82e-06,0.0642,0.617,95.881,212500
769,0.754,0.805,6,-4.249,1,0.0752,0.315,0.0,0.203,0.555,93.982,176133
770,0.825,0.69,10,-4.252,0,0.226,0.589,0.0,0.413,0.516,94.194,327467
771,0.814,0.813,2,-3.023,0,0.0561,0.03,9.33e-05,0.255,0.839,79.997,232550
772,0.858,0.835,4,-4.852,0,0.122,0.225,5.76e-06,0.0613,0.466,88.0,220987
773,0.807,0.853,1,-3.644,1,0.0513,0.106,0.0,0.0937,0.892,82.027,240200
774,0.754,0.819,5,-4.426,0,0.0513,0.0973,0.0,0.659,0.895,93.986,182160
775,0.897,0.867,11,-3.733,0,0.109,0.245,0.0,0.529,0.594,96.003,207500
776,0.827,0.777,7,-6.455,1,0.104,0.295,3.42e-05,0.306,0.835,98.001,222377
777,0.763,0.812,5,-6.469,0,0.0792,0.187,0.000848,0.0752,0.828,101.95,171093
778,0.606,0.739,2,-4.759,1,0.063,0.123,0.0,0.171,0.708,175.997,240006
779,0.73,0.701,5,-5.885,0,0.106,0.132,0.0,0.151,0.785,175.95,207307
780,0.689,0.675,0,-4.281,1,0.32,0.531,3.17e-06,0.115,0.604,180.065,205600
781,0.716,0.71,8,-5.708,0,0.111,0.166,7.73e-05,0.107,0.904,173.911,226413
782,0.772,0.909,6,-3.225,0,0.166,0.256,0.0,0.255,0.694,96.031,238800
783,0.754,0.743,5,-5.049,0,0.0918,0.144,0.0,0.275,0.74,176.015,243227
784,0.751,0.685,5,-7.173,0,0.124,0.0695,0.0,0.238,0.764,94.014,197053
785,0.66,0.786,2,-4.757,1,0.17,0.209,0.0,0.112,0.846,177.833,228200
786,0.853,0.808,0,-6.494,1,0.0575,0.331,5.44e-06,0.0643,0.729,96.02,192560
787,0.685,0.859,5,-2.595,0,0.0553,0.116,0.0,0.317,0.891,176.018,204520
788,0.74,0.65,8,-5.849,0,0.136,0.0585,0.0,0.0793,0.808,172.081,269240
789,0.639,0.869,11,-4.024,1,0.147,0.27,0.0,0.0802,0.767,169.801,307910
790,0.783,0.87,8,-4.657,0,0.0485,0.185,0.0,0.393,0.692,114.012,242733
791,0.755,0.789,5,-4.502,1,0.146,0.231,0.0,0.351,0.737,93.973,229849
792,0.743,0.855,5,-3.976,0,0.0436,0.141,0.0045,0.099,0.871,96.989,202453
793,0.699,0.694,7,-4.616,0,0.0782,0.0614,3.01e-06,0.634,0.557,171.744,241942
794,0.871,0.768,4,-5.401,0,0.122,0.283,2.25e-05,0.162,0.765,98.989,184067
795,0.822,0.743,1,-2.038,1,0.0451,0.213,0.0103,0.0957,0.78,98.005,256551
796,0.786,0.846,1,-3.468,1,0.0505,0.174,0.0,0.413,0.819,95.005,200480
797,0.501,0.772,9,-7.772,0,0.18,0.285,4.71e-05,0.0918,0.636,84.578,303680
798,0.595,0.773,9,-4.736,0,0.0549,0.0364,0.00108,0.334,0.711,180.073,173628
799,0.903,0.675,11,-3.445,0,0.214,0.542,1.28e-05,0.0595,0.442,96.507,417920
800,0.699,0.633,11,-6.249,1,0.0261,0.436,9.32e-05,0.0291,0.907,91.398,167040
801,0.861,0.389,1,-14.029,1,0.0517,0.231,0.577,0.0381,0.94,122.463,153400
802,0.748,0.365,7,-16.387,0,0.0461,0.312,0.452,0.0747,0.701,106.444,168227
803,0.704,0.318,7,-16.724,0,0.0367,0.0396,0.000233,0.109,0.621,95.529,236800
804,0.619,0.444,5,-12.552,1,0.0336,0.175,0.000863,0.123,0.812,116.624,247427
805,0.445,0.467,6,-15.125,1,0.0713,0.207,0.0731,0.149,0.789,181.248,250893
806,0.649,0.695,2,-9.737,1,0.0919,0.0489,0.000217,0.0679,0.832,125.495,247027
807,0.364,0.752,5,-5.623,1,0.1,0.0792,1.57e-05,0.0966,0.636,173.715,431936
808,0.402,0.502,5,-7.92,0,0.0482,0.347,0.00582,0.146,0.2,185.65,292587
809,0.491,0.291,1,-12.889,1,0.0439,0.453,0.00213,0.561,0.337,105.865,332080
810,0.443,0.509,8,-7.158,0,0.0312,0.0575,0.883,0.173,0.378,99.605,209293
811,0.692,0.493,9,-9.662,0,0.0325,0.0934,0.00166,0.128,0.28,86.644,301133
812,0.455,0.445,0,-9.435,1,0.0406,0.0886,0.000274,0.107,0.513,176.224,241493
813,0.737,0.756,1,-11.177,1,0.202,0.703,0.0516,0.0424,0.8,102.03,201987
814,0.749,0.625,10,-9.163,0,0.0474,0.266,0.0861,0.112,0.786,84.465,288573
815,0.515,0.454,7,-8.428,0,0.0382,0.489,0.468,0.0994,0.352,101.238,268000
816,0.37,0.539,8,-6.627,0,0.0578,0.0502,6.47e-05,0.371,0.239,181.696,399373
817,0.379,0.279,2,-11.842,0,0.0429,0.651,0.0595,0.0823,0.139,150.761,433200
818,0.387,0.439,0,-8.234,0,0.0276,0.429,0.000674,0.107,0.177,104.281,300880
819,0.393,0.599,9,-7.337,1,0.0332,0.308,0.000333,0.201,0.344,112.657,486773
820,0.236,0.492,10,-7.492,0,0.0393,0.212,0.00262,0.109,0.464,171.402,313093
821,0.445,0.575,7,-8.344,0,0.038,0.127,0.000271,0.711,0.64,92.512,330373
822,0.28,0.343,0,-10.797,0,0.036,0.153,0.00172,0.821,0.185,202.955,319773
823,0.363,0.714,9,-8.045,0,0.0479,0.026,0.517,0.295,0.288,156.045,512773
824,0.294,0.851,11,-5.482,0,0.0456,0.016,0.0433,0.11,0.293,110.676,415360
825,0.456,0.289,9,-7.756,0,0.0284,0.897,5.74e-05,0.157,0.354,83.546,211027
826,0.598,0.514,3,-6.703,0,0.0255,0.0453,0.464,0.0803,0.235,125.192,349413
827,0.613,0.934,0,-3.711,1,0.0342,0.0412,0.000308,0.0882,0.776,107.274,283267
828,0.602,0.873,7,-5.543,1,0.0461,0.0148,9.37e-05,0.0727,0.681,119.825,208027
829,0.468,0.723,2,-5.49,0,0.0284,0.0141,0.0194,0.386,0.611,75.557,401493
830,0.554,0.838,4,-5.276,0,0.0424,0.00354,0.22,0.103,0.705,119.954,287880
831,0.589,0.679,5,-5.628,0,0.0336,0.0253,0.00584,0.167,0.716,85.865,275800
832,0.549,0.188,11,-17.402,0,0.0309,0.795,0.682,0.11,0.198,82.745,340787
833,0.721,0.558,9,-8.8,1,0.0246,0.492,0.00563,0.113,0.542,96.887,234867
834,0.727,0.766,7,-7.135,0,0.0554,0.0872,0.00274,0.111,0.666,94.459,263933
835,0.718,0.671,10,-8.948,1,0.03,0.0575,0.0752,0.209,0.896,86.868,186827
836,0.43,0.682,2,-10.267,1,0.0314,0.0534,0.00329,0.142,0.693,122.304,302493
837,0.807,0.571,4,-6.177,1,0.0332,0.00797,0.00028,0.337,0.811,93.008,323053
838,0.546,0.723,1,-6.51,1,0.0295,0.158,0.00279,0.0976,0.686,100.419,177507
839,0.613,0.446,4,-6.101,0,0.0564,0.493,0.00809,0.116,0.852,78.283,195800
840,0.694,0.438,9,-8.139,1,0.0299,0.563,0.00194,0.195,0.435,90.201,175493
841,0.462,0.796,9,-6.202,1,0.0322,0.384,0.0,0.296,0.824,204.028,264240
842,0.678,0.551,1,-7.332,1,0.0261,0.266,0.00322,0.254,0.767,97.767,280453
843,0.59,0.7,9,-8.448,1,0.0346,0.137,0.0103,0.0926,0.742,112.14,315960
844,0.699,0.502,9,-12.526,1,0.0278,0.0607,0.0337,0.317,0.676,105.267,221640
845,0.57,0.208,7,-15.661,1,0.0295,0.666,0.14,0.123,0.508,95.539,225027
846,0.695,0.336,9,-12.999,1,0.0313,0.8,0.00264,0.701,0.422,79.109,280000
847,0.558,0.524,2,-11.626,0,0.0459,0.321,0.000952,0.94,0.636,93.654,289027
848,0.537,0.562,0,-8.83,1,0.0315,0.218,0.00258,0.752,0.523,131.329,390893
849,0.604,0.616,0,-10.309,1,0.0444,0.182,0.00532,0.979,0.733,85.191,218373
850,0.584,0.444,0,-11.363,1,0.0362,0.3,0.119,0.979,0.385,133.224,471547
851,0.548,0.53,1,-11.899,0,0.068,0.489,7.57e-05,0.46,0.578,98.615,382040
852,0.214,0.539,4,-10.256,1,0.0385,0.0531,0.000363,0.324,0.227,189.333,234640
853,0.308,0.541,0,-11.815,0,0.0607,0.2,0.000728,0.313,0.693,206.617,265027
854,0.189,0.39,9,-14.497,0,0.0353,0.257,0.000152,0.122,0.32,169.563,370867
855,0.204,0.844,2,-12.409,1,0.109,0.000424,0.165,0.123,0.305,183.719,320933
856,0.11,0.376,7,-13.63,0,0.0362,0.124,0.937,0.238,0.117,164.998,354267
857,0.459,0.727,0,-11.777,1,0.0303,0.00614,0.0652,0.384,0.955,149.231,292173
858,0.56,0.648,4,-14.522,1,0.174,0.154,0.00263,0.0919,0.766,136.462,506720
859,0.608,0.592,2,-6.312,1,0.0493,0.173,0.0,0.349,0.642,174.094,226747
860,0.549,0.294,0,-13.181,0,0.0337,0.144,0.798,0.108,0.145,115.294,342067
861,0.299,0.715,7,-4.575,1,0.0469,0.00629,0.483,0.233,0.348,112.608,255320
862,0.681,0.335,11,-10.479,0,0.0865,0.433,0.000189,0.219,0.749,174.062,182427
863,0.583,0.703,0,-8.345,0,0.0392,0.063,0.614,0.0556,0.93,96.55,354427
864,0.515,0.534,6,-8.045,1,0.0768,0.181,0.00278,0.0547,0.426,70.776,145747
865,0.629,0.648,8,-14.063,1,0.0382,0.0203,0.0356,0.299,0.691,104.014,187246
866,0.569,0.564,8,-7.34,1,0.0337,0.0496,0.0138,0.304,0.526,96.112,351960
867,0.457,0.525,2,-8.182,1,0.0261,0.226,0.142,0.0947,0.265,181.983,333388
868,0.349,0.523,11,-7.749,0,0.0382,0.362,0.000598,0.386,0.311,169.283,408467
869,0.513,0.612,5,-8.396,1,0.0295,0.312,0.158,0.119,0.485,80.068,400333
870,0.393,0.21,7,-11.864,0,0.034,0.611,0.0588,0.0866,0.158,116.606,458213
871,0.499,0.366,5,-9.566,1,0.0441,0.0108,0.00208,0.0851,0.418,144.563,440200
872,0.616,0.852,7,-5.358,0,0.0321,0.00122,0.0227,0.0923,0.636,94.023,343907
873,0.303,0.802,5,-4.552,0,0.0319,0.000447,0.249,0.0956,0.489,103.967,518533
874,0.511,0.864,4,-5.639,0,0.0389,0.000654,0.214,0.0652,0.389,75.028,390067
875,0.372,0.694,1,-6.763,0,0.0333,0.000932,0.0492,0.277,0.623,165.272,409720
876,0.286,0.204,10,-13.714,0,0.0318,0.607,0.00346,0.109,0.268,172.398,198333
877,0.393,0.604,9,-8.368,0,0.0395,0.0299,0.0265,0.08,0.304,137.997,492067
878,0.703,0.458,8,-10.548,0,0.0305,0.0762,0.00378,0.109,0.777,102.392,293667
879,0.533,0.18,8,-15.184,1,0.0449,0.672,0.144,0.0922,0.325,82.908,252413
880,0.621,0.693,8,-8.755,1,0.0407,0.579,0.000295,0.063,0.896,112.439,251307
881,0.531,0.442,4,-9.095,0,0.0554,0.261,0.0,0.0884,0.377,82.423,225440
882,0.881,0.476,0,-9.235,1,0.0529,0.453,2.76e-06,0.0445,0.964,112.651,138533
883,0.651,0.462,2,-9.011,1,0.0336,0.81,3.3e-06,0.136,0.567,80.289,256493
884,0.525,0.879,11,-4.927,0,0.0469,0.0582,0.00396,0.123,0.842,118.079,260987
885,0.571,0.852,8,-5.752,1,0.0323,0.0418,2.37e-05,0.0527,0.804,92.155,317773
886,0.367,0.769,9,-7.258,1,0.0317,0.00032,0.628,0.0631,0.7,173.186,348040
887,0.412,0.676,7,-7.341,1,0.0266,0.00596,0.112,0.209,0.557,155.431,333733
888,0.384,0.874,7,-7.552,1,0.0376,0.000108,0.0104,0.122,0.762,112.207,334800
889,0.483,0.807,5,-4.813,1,0.0974,0.21,0.0,0.31,0.613,166.182,314280
890,0.423,0.482,1,-9.907,0,0.035,0.318,0.603,0.0992,0.232,108.456,338400
891,0.404,0.791,7,-4.756,0,0.0584,0.273,0.000334,0.191,0.602,185.854,261707
892,0.597,0.605,7,-12.013,1,0.0255,0.181,0.000331,0.118,0.886,97.782,281147
893,0.45,0.341,7,-14.218,1,0.0327,0.0364,0.000284,0.0405,0.366,118.782,415600
894,0.451,0.1,5,-16.736,0,0.0505,0.977,0.0141,0.135,0.32,159.458,251000
895,0.642,0.448,7,-11.181,0,0.0346,0.776,0.117,0.252,0.604,140.547,190920
896,0.744,0.405,0,-11.369,1,0.0319,0.892,0.0371,0.096,0.62,118.411,261880
897,0.532,0.355,2,-12.248,0,0.0271,0.802,0.0705,0.102,0.223,175.981,198547
898,0.619,0.671,7,-7.429,0,0.0243,0.132,0.0221,0.101,0.435,90.009,349107
899,0.619,0.422,6,-12.112,1,0.0576,0.776,0.0598,0.106,0.556,177.344,306733
900,0.629,0.699,0,-6.504,1,0.0281,0.0599,0.0478,0.0718,0.968,110.129,218573
901,0.337,0.948,9,-7.038,0,0.0686,0.00453,0.000192,0.304,0.426,141.349,307800
902,0.529,0.73,9,-7.986,0,0.0332,0.174,0.0261,0.0885,0.667,134.329,270000
903,0.533,0.871,10,-6.085,1,0.0656,0.759,0.000186,0.337,0.97,167.841,159427
904,0.671,0.589,9,-7.895,1,0.0431,0.827,0.00183,0.374,0.54,145.312,187800
905,0.699,0.633,11,-6.249,1,0.0261,0.436,9.32e-05,0.0291,0.907,91.398,167040
906,0.678,0.612,4,-9.764,1,0.0339,0.101,0.318,0.164,0.857,118.381,216627
907,0.466,0.894,2,-5.698,1,0.0808,0.103,9.1e-05,0.193,0.569,91.101,312360
908,0.214,0.91,8,-6.662,1,0.389,0.477,0.00833,0.0517,0.448,175.549,313373
909,0.714,0.467,0,-13.583,1,0.11,0.199,0.95,0.284,0.931,132.712,144827
910,0.683,0.712,0,-4.99,1,0.0276,0.299,0.0,0.207,0.617,110.022,243227
911,0.497,0.252,9,-14.185,1,0.0494,0.69,0.841,0.118,0.446,192.572,625293
912,0.552,0.903,6,-9.17,0,0.0716,0.00306,0.007,0.0632,0.79,101.672,173707
913,0.412,0.902,9,-11.6,1,0.405,0.0484,0.131,0.405,0.422,89.74,333893
914,0.36,0.851,8,-5.542,1,0.0838,0.252,3.77e-06,0.0802,0.683,79.39,263827
915,0.577,0.808,1,-7.04,0,0.039,0.0338,1.33e-05,0.221,0.869,151.008,290280
916,0.545,0.757,0,-5.228,1,0.0396,0.408,0.045,0.16,0.714,152.217,436000
917,0.437,0.864,4,-7.842,0,0.0904,0.396,0.0314,0.242,0.749,81.394,295387
918,0.665,0.939,0,-4.534,1,0.0433,0.00391,0.075,0.0934,0.73,130.411,269307
919,0.417,0.597,2,-7.404,1,0.373,0.0211,0.0315,0.116,0.344,143.222,263067
920,0.24,0.615,2,-14.117,1,0.0677,0.171,0.0125,0.0801,0.768,166.657,334000
921,0.668,0.437,2,-10.491,1,0.032,0.445,1.58e-06,0.17,0.614,81.833,280960
922,0.397,0.772,8,-8.399,1,0.0571,0.279,0.000119,0.214,0.827,115.643,134240
923,0.514,0.701,0,-8.615,0,0.112,0.101,0.0,0.0313,0.582,140.467,149067
924,0.722,0.713,6,-9.147,1,0.0484,0.0237,3.04e-05,0.0516,0.614,146.622,182013
925,0.618,0.748,0,-8.905,1,0.361,0.0384,4.1e-06,0.0477,0.662,134.001,191500
926,0.59,0.7,9,-8.448,1,0.0346,0.137,0.0103,0.0926,0.742,112.14,315960
927,0.726,0.828,7,-8.897,1,0.0434,0.732,5.17e-06,0.148,0.959,131.137,162572
928,0.633,0.885,2,-7.519,1,0.0337,0.234,0.00114,0.169,0.965,148.394,175667
929,0.621,0.499,5,-12.819,1,0.0562,0.643,0.0094,0.0928,0.614,103.15,147547
930,0.426,0.693,8,-9.759,1,0.0377,0.0251,0.0065,0.101,0.751,126.804,219840
931,0.533,0.804,11,-7.928,0,0.114,0.282,0.00863,0.583,0.789,103.06,230893
932,0.609,0.443,11,-9.174,0,0.0313,0.789,0.0,0.162,0.62,125.953,217947
933,0.468,0.97,9,-4.855,1,0.0395,0.000142,0.59,0.677,0.702,169.911,262027
934,0.138,0.961,1,-5.462,0,0.121,0.00143,0.0261,0.146,0.184,166.561,162573
935,0.572,0.909,3,-8.063,1,0.0583,0.045,0.177,0.0785,0.635,137.332,222280
936,0.401,0.498,4,-10.682,1,0.0757,0.394,0.0,0.13,0.816,181.701,149160
937,0.476,0.717,9,-9.192,1,0.0949,0.0382,7.61e-05,0.0818,0.753,93.584,166267
938,0.653,0.519,2,-10.164,1,0.0497,0.406,0.0209,0.101,0.822,98.883,153693
939,0.749,0.803,2,-6.675,1,0.0354,0.0296,0.0154,0.0686,0.813,124.12,274250
940,0.823,0.338,0,-15.899,1,0.0413,0.139,0.00129,0.5,0.785,120.473,254453
941,0.645,0.598,1,-13.18,0,0.0335,0.221,3.53e-06,0.0721,0.913,105.929,227267
942,0.396,0.827,0,-7.193,0,0.0812,0.195,6.64e-05,0.326,0.676,96.079,197773
943,0.442,0.87,8,-4.906,1,0.0717,0.292,1.67e-06,0.117,0.693,81.072,263147
944,0.805,0.788,1,-6.353,0,0.0354,0.329,0.000487,0.0411,0.86,100.69,265307
945,0.864,0.455,2,-10.044,0,0.0494,0.778,0.000508,0.0708,0.609,119.25,164627
946,0.462,0.796,9,-6.202,1,0.0322,0.384,0.0,0.296,0.824,204.028,264240
947,0.605,0.837,7,-10.059,1,0.114,0.754,4.11e-05,0.3,0.93,157.225,161947
948,0.624,0.72,0,-6.533,1,0.0509,0.789,0.0,0.0735,0.955,170.866,195187
949,0.486,0.725,7,-7.216,1,0.0319,0.00894,0.00397,0.0479,0.812,92.984,217667
950,0.566,0.765,10,-7.551,0,0.0323,0.18,0.0133,0.136,0.969,75.008,161853
951,0.702,0.742,4,-9.621,1,0.0286,0.035,0.0064,0.0972,0.972,141.664,154120
952,0.728,0.849,5,-5.458,1,0.0817,0.491,0.000404,0.19,0.821,79.493,125500
953,0.852,0.77,7,-6.324,1,0.0298,0.0664,0.000128,0.118,0.966,106.952,406500
954,0.578,0.626,11,-10.368,0,0.12,0.127,3.25e-06,0.0903,0.569,122.107,344000
955,0.728,0.878,11,-6.926,0,0.0564,0.176,0.856,0.61,0.911,126.59,262613
956,0.768,0.809,9,-5.816,1,0.0289,0.0271,0.000633,0.0608,0.737,133.838,213750
957,0.672,0.341,9,-7.845,1,0.0329,0.802,0.888,0.288,0.356,108.314,138800
958,0.457,0.545,3,-11.221,1,0.0469,0.926,0.875,0.127,0.913,200.939,119920
959,0.609,0.61,5,-11.356,1,0.034,0.325,0.538,0.701,0.888,117.999,317293
960,0.671,0.849,9,-5.963,0,0.0283,0.0879,0.0,0.0971,0.801,125.429,269000
961,0.72,0.576,2,-15.118,1,0.029,0.271,0.0,0.256,0.947,111.592,171733
962,0.485,0.578,7,-13.431,1,0.0637,0.0102,0.756,0.48,0.636,127.698,176720
963,0.525,0.512,2,-11.594,1,0.128,0.527,0.615,0.0948,0.787,182.147,131933
964,0.491,0.801,4,-9.835,1,0.0361,0.27,0.0,0.0665,0.971,160.109,173947
965,0.761,0.592,2,-9.836,1,0.0586,0.492,0.00626,0.61,0.332,123.095,189387
966,0.741,0.697,0,-7.028,1,0.0277,0.0664,2.28e-05,0.133,0.774,116.109,160133
967,0.52,0.412,8,-14.387,1,0.0368,0.584,0.0,0.254,0.796,131.836,136547
968,0.649,0.865,11,-5.061,0,0.039,0.00579,0.000387,0.0803,0.839,156.282,229320
969,0.606,0.863,7,-3.496,1,0.0365,0.00476,0.00195,0.0849,0.695,125.955,187707
970,0.568,0.837,2,-7.744,0,0.059,0.238,0.328,0.0754,0.833,111.186,336667
971,0.354,0.534,0,-13.555,1,0.0869,0.726,0.323,0.96,0.25,173.065,273933
972,0.349,0.757,9,-5.659,1,0.0359,0.00351,0.329,0.0332,0.569,166.717,209813
973,0.656,0.563,2,-13.803,1,0.0307,0.0146,0.194,0.107,0.814,121.92,253547
974,0.549,0.86,0,-5.795,1,0.0386,0.0178,0.00307,0.111,0.793,107.16,279480
975,0.625,0.884,0,-6.195,1,0.0334,0.238,2.73e-05,0.059,0.968,128.577,228760
976,0.625,0.35,9,-8.395,0,0.0436,0.398,6.76e-05,0.123,0.69,113.688,163893
977,0.584,0.436,0,-10.532,0,0.0461,0.755,0.00358,0.11,0.496,135.696,197600
978,0.665,0.782,6,-8.438,0,0.0307,0.12,4.19e-06,0.125,0.731,137.453,169000
979,0.611,0.734,2,-6.686,1,0.0334,0.605,0.0,0.0892,0.82,113.266,181347
980,0.479,0.591,5,-6.541,1,0.0416,0.746,0.0,0.634,0.477,98.121,227893
981,0.554,0.516,9,-6.819,0,0.0255,0.224,0.286,0.0548,0.562,90.309,324267
982,0.633,0.625,0,-10.951,1,0.0436,0.492,0.000418,0.204,0.841,103.355,147800
983,0.668,0.59,11,-9.522,0,0.0434,0.669,0.000657,0.158,0.864,111.983,191547
984,0.679,0.187,6,-13.954,0,0.0755,0.931,3.53e-06,0.15,0.447,107.437,150667
985,0.504,0.845,5,-7.799,0,0.0938,0.0139,0.0419,0.359,0.736,159.508,224133
986,0.529,0.898,2,-5.249,1,0.0786,0.00627,0.728,0.0668,0.434,108.599,171427
987,0.733,0.743,7,-10.808,1,0.0472,0.587,0.0,0.348,0.828,124.579,183160
988,0.471,0.944,10,-4.673,0,0.0686,0.000744,0.000587,0.193,0.763,94.414,228520
989,0.612,0.584,8,-6.296,1,0.0623,0.788,3.13e-06,0.193,0.845,154.704,179626
990,0.649,0.695,2,-9.737,1,0.0919,0.0489,0.000217,0.0679,0.832,125.495,247027
991,0.676,0.798,9,-5.768,1,0.0261,0.00205,5.88e-06,0.13,0.574,117.977,253386
992,0.731,0.797,5,-9.992,1,0.0309,0.0771,0.0248,0.334,0.933,148.192,348624
993,0.577,0.632,10,-4.571,0,0.0409,0.823,0.000599,0.178,0.542,93.418,166773
994,0.713,0.657,4,-5.994,1,0.0452,0.232,5.15e-06,0.231,0.931,130.427,148812
995,0.577,0.588,4,-9.683,0,0.027,0.021,0.000213,0.0574,0.962,148.029,218413
996,0.427,0.807,4,-5.711,1,0.0478,0.0161,0.361,0.251,0.256,138.39,258933
997,0.79,0.73,9,-9.904,1,0.0802,0.0729,0.0,0.0619,0.899,109.254,191080
998,0.515,0.534,6,-8.045,1,0.0768,0.181,0.00278,0.0547,0.426,70.776,145747
999,0.531,0.38,0,-10.628,1,0.0354,0.795,2.01e-05,0.0981,0.819,172.201,223067
